% raindrop T-matrix calculations using the code of Leinonen, J., "Python code for T-matrix scattering calculations". Available at https://github.com/jleinonen/pytmatrix/. 
% 
% refractive index calculations after Turner et al. (2005): An Improved Liquid Water Absorption Model at Microwave Frequencies for Supercooled Liquid Water Clouds  
% 
% raindrop aspect ratio estimated with the methodology of Brandes, Edward & Zhang, Guifu & Vivekanandan, Jothiram. (2005). Corrigendum. Journal of Applied Meteorology. 44. 186-. 10.1175/1520-0450(2005)44<186:C>2.0.CO;2. 
% 
% wave length: 1.498962 mm 
% temperature: 283.15 K 
% refractive index: 2.651287441263224576e+00 + 1.069238766763446202e+00 i 
% 
%r_eqv[mm]               axial ratio              ext[mm2]                 sca[mm2]                 back[mm2]
5.000000000000000104e-03 9.999900000999989436e-01 1.188301621396985466e-06 2.400523964535305745e-11 3.599679967069179141e-11
1.499999999999999944e-02 9.999900000999989436e-01 3.233896605382533565e-05 1.754799174463460137e-08 2.624933317161976008e-08
2.500000000000000139e-02 9.999900000999989436e-01 1.522174073662512016e-04 3.781484246825954586e-07 5.628871246669698657e-07
3.500000000000000333e-02 9.999900000999989436e-01 4.286229531640349272e-04 2.869927432303644608e-06 4.240686813967616800e-06
4.499999999999999833e-02 9.999900000999989436e-01 9.439994683743295001e-04 1.309843863025748740e-05 1.916600171622419082e-05
5.500000000000000028e-02 9.999900000999989436e-01 1.803958930688555990e-03 4.421578282692728719e-05 6.391119856935551663e-05
6.500000000000000222e-02 9.999900000999989436e-01 3.147905966550923820e-03 1.222453164549612949e-04 1.741237631810515986e-04
7.499999999999999722e-02 9.999900000999989436e-01 5.162137003386298856e-03 2.932672593863538632e-04 4.106273793514909182e-04
8.500000000000000611e-02 9.999900000999989436e-01 8.095688204692783746e-03 6.327301220231831922e-04 8.687270310133678912e-04
9.500000000000000111e-02 9.999900000999989436e-01 1.227892035455077635e-02 1.257063161581406128e-03 1.688146952908631520e-03
1.049999999999999961e-01 9.999900000999989436e-01 1.814421831410609198e-02 2.337517429381677243e-03 3.062582101705464688e-03
1.150000000000000050e-01 9.999900000999989436e-01 2.624702529729892875e-02 4.115649924106509934e-03 5.247197259005517006e-03
1.250000000000000000e-01 9.999900000999989436e-01 3.728349858437660092e-02 6.918951866880988441e-03 8.561594133546261351e-03
1.350000000000000089e-01 9.999900000999989436e-01 5.209809190502068948e-02 1.117368565214214848e-02 1.338496304758376998e-02
1.449999999999999900e-01 9.999900000999989436e-01 7.167040455377174379e-02 1.740997289610096005e-02 2.013968743074738901e-02
1.549999999999999989e-01 9.999900000999989436e-01 9.706647605546334101e-02 2.625188190722726328e-02 2.926026220554777540e-02
1.650000000000000078e-01 9.999900000999989436e-01 1.293377725189905070e-01 3.838333318636227842e-02 4.114632769933483647e-02
1.750000000000000167e-01 9.999900000999989436e-01 1.693560599427131053e-01 5.448099006619808171e-02 5.610209498964717489e-02
1.849999999999999978e-01 9.999900000999989436e-01 2.175905014573939755e-01 7.510997397916702178e-02 7.426731965495084187e-02
1.950000000000000067e-01 1.000344839311130496e+00 2.739029963020612191e-01 1.006141729438174426e-01 9.558858777821611918e-02
2.050000000000000155e-01 1.000376259251188893e+00 3.372425665882957113e-01 1.308910836742744888e-01 1.195939331879712630e-01
2.149999999999999967e-01 1.000431836433301802e+00 4.058238389482645703e-01 1.654172135609233707e-01 1.455501300285010624e-01
2.250000000000000056e-01 1.000511344221778787e+00 4.772294091047041831e-01 2.031653494559650663e-01 1.723003670025928524e-01
2.350000000000000144e-01 1.000614560248383578e+00 5.488553471886481461e-01 2.427362263133940601e-01 1.983422275769395893e-01
2.449999999999999956e-01 1.000741266305821942e+00 6.183885218153182262e-01 2.825743791467489885e-01 2.219716134778440542e-01
2.550000000000000044e-01 1.000891248244015541e+00 6.841843854677532866e-01 3.212253287827652182e-01 2.415037586210271314e-01
2.650000000000000133e-01 1.001064295869075416e+00 7.454462564125275970e-01 3.575564456622400411e-01 2.554981026505465658e-01
2.750000000000000222e-01 1.001260202844886926e+00 8.022048311834989454e-01 3.908888615707694636e-01 2.629108754217532873e-01
2.850000000000000311e-01 1.001478766597222014e+00 8.551612796478882395e-01 4.210284886361820855e-01 2.631428559746584739e-01
2.949999999999999845e-01 1.001719788220298835e+00 9.054718138332620292e-01 4.482173576566079731e-01 2.560066733550402374e-01
3.049999999999999933e-01 1.001983072385710605e+00 9.545345512103172725e-01 4.730407965460329822e-01 2.416706625008332721e-01
3.150000000000000022e-01 1.002268427253648841e+00 1.003808109708948182e+00 4.963176706745471289e-01 2.206324295734733154e-01
3.250000000000000111e-01 1.002575664386349930e+00 1.054673435753070931e+00 5.189934052389248986e-01 1.937515782912698215e-01
3.350000000000000200e-01 1.002904598663692415e+00 1.108330438673105212e+00 5.420401290210627998e-01 1.623323665971623808e-01
3.450000000000000289e-01 1.003255048200880628e+00 1.165717909752061354e+00 5.663644550221113017e-01 1.282131000173913349e-01
3.549999999999999822e-01 1.003626834268148693e+00 1.227445717131485647e+00 5.927235610346622829e-01 9.379998086304915106e-02
3.649999999999999911e-01 1.004019781212422524e+00 1.293736756748338657e+00 6.216514342221277634e-01 6.198060887784550416e-02
3.750000000000000000e-01 1.004433716380879638e+00 1.364392871889695158e+00 6.534056048498265712e-01 3.588469253137015896e-02
3.850000000000000089e-01 1.004868470046347273e+00 1.438809343179566769e+00 6.879486879609861827e-01 1.851119697969257419e-02
3.950000000000000178e-01 1.005323875334485528e+00 1.516057801192766341e+00 7.249748752519857842e-01 1.229958476636488530e-02
4.050000000000000266e-01 1.005799768152698448e+00 1.595038254940534861e+00 7.639836209774917286e-01 1.876178950325134431e-02
4.150000000000000355e-01 1.006295987120720881e+00 1.674669025400313149e+00 8.043852099069517259e-01 3.827914178608528978e-02
4.249999999999999889e-01 1.006812373502834479e+00 1.754066091262436622e+00 8.456121840305153015e-01 7.011078255527472547e-02
4.349999999999999978e-01 1.007348771141657329e+00 1.832664787716223875e+00 8.872084736758365509e-01 1.125817392746180229e-01
4.450000000000000067e-01 1.007905026393466796e+00 1.910263282192683043e+00 9.288801616084322310e-01 1.633664184680978237e-01
4.550000000000000155e-01 1.008480988065006079e+00 1.986993201029941147e+00 9.705048703401344401e-01 2.197751514716967114e-01
4.650000000000000244e-01 1.009076507351731156e+00 2.063243882380418004e+00 1.012110732457241147e+00 2.789840191749387022e-01
4.750000000000000333e-01 1.009691437777457068e+00 2.139568187084706974e+00 1.053838734592422277e+00 3.381912182549592361e-01
4.849999999999999867e-01 1.010325635135361333e+00 2.216591235754969524e+00 1.095900633473458452e+00 3.947153251153825981e-01
4.949999999999999956e-01 1.010978957430304748e+00 2.294934629261926151e+00 1.138541906420535099e+00 4.460661840726370397e-01
5.050000000000000044e-01 1.011651264822433394e+00 2.375158047857895749e+00 1.182011446349361838e+00 4.900133123310554395e-01
5.150000000000000133e-01 1.012342419572020980e+00 2.457719306189756647e+00 1.226539996695295898e+00 5.246662051589052744e-01
5.250000000000000222e-01 1.013052285985520662e+00 2.542949307504978051e+00 1.272324988813527513e+00 5.485656723954266401e-01
5.350000000000000311e-01 1.013780730362787486e+00 2.631041814504611498e+00 1.319521496395891669e+00 5.607752401801300302e-01
5.450000000000000400e-01 1.014527620945441466e+00 2.722056233305049311e+00 1.368238106461862058e+00 5.609566209421960048e-01
5.550000000000000488e-01 1.015292827866336012e+00 2.815931135374643457e+00 1.418536171130498458e+00 5.494098682749408713e-01
5.650000000000000577e-01 1.016076223100103704e+00 2.912507164325818021e+00 1.470432685024448904e+00 5.270713806916986766e-01
5.750000000000000666e-01 1.016877680414747243e+00 3.011555183655675094e+00 1.523905531855924034e+00 4.954642964718678488e-01
5.849999999999999645e-01 1.017697075324246692e+00 3.112806450139532721e+00 1.578900912148096802e+00 4.566100948713959218e-01
5.949999999999999734e-01 1.018534285042156151e+00 3.215979885358446921e+00 1.635340230577866372e+00 4.129082169096729427e-01
6.049999999999999822e-01 1.019389188436160998e+00 3.320806204767845049e+00 1.693128403953692684e+00 3.670023920141867735e-01
6.149999999999999911e-01 1.020261665983570154e+00 3.427044517658944578e+00 1.752160633107492371e+00 3.216415608587164798e-01
6.250000000000000000e-01 1.021151599727719406e+00 3.534494839227994234e+00 1.812328641280961161e+00 2.795453866214992478e-01
6.350000000000000089e-01 1.022058873235258902e+00 3.643003812487578763e+00 1.873525966216667671e+00 2.432814929112277758e-01
6.450000000000000178e-01 1.022983371554301524e+00 3.752466647931471222e+00 1.935652161611966848e+00 2.151551810879374638e-01
6.550000000000000266e-01 1.023924981173411908e+00 3.862826966925587246e+00 1.998617006462600987e+00 1.971147997127684348e-01
6.650000000000000355e-01 1.024883589981409493e+00 3.974073494105042403e+00 2.062343569043866953e+00 1.906727908965531459e-01
6.750000000000000444e-01 1.025859087227968924e+00 4.086236448696024759e+00 2.126771447993216491e+00 1.968435572057428418e-01
6.850000000000000533e-01 1.026851363484993174e+00 4.199382049877927514e+00 2.191858683626963344e+00 2.160984824804953464e-01
6.950000000000000622e-01 1.027860310608740946e+00 4.313606485227366782e+00 2.257583265266149386e+00 2.483402275340201304e-01
7.049999999999999600e-01 1.028885821702690384e+00 4.429029363834981581e+00 2.323944441241568182e+00 2.928971654075671616e-01
7.149999999999999689e-01 1.029927791081118427e+00 4.545785439868454070e+00 2.390961508589888318e+00 3.485382194643413256e-01
7.249999999999999778e-01 1.030986114233377604e+00 4.664016568830247067e+00 2.458673089168164516e+00 4.135111950627121113e-01
7.349999999999999867e-01 1.032060687788854958e+00 4.783862203911539268e+00 2.527133698186609934e+00 4.856027099350291309e-01
7.449999999999999956e-01 1.033151409482594651e+00 4.905450992961608137e+00 2.596410429300064937e+00 5.622218943341301678e-01
7.550000000000000044e-01 1.034258178121568061e+00 5.028890511475078817e+00 2.666577387211203742e+00 6.405034437766335964e-01
7.650000000000000133e-01 1.035380893551575587e+00 5.154261841423463331e+00 2.737711011014918316e+00 7.174345381724572812e-01
7.750000000000000222e-01 1.036519456624765523e+00 5.281612566584993118e+00 2.809883823016938287e+00 7.899928502112186779e-01
7.850000000000000311e-01 1.037673769167756666e+00 5.410953868094726893e+00 2.883159375775804723e+00 8.552967283917248809e-01
7.950000000000000400e-01 1.038843733950345127e+00 5.542260026651369742e+00 2.957587277274396964e+00 9.107555810712097966e-01
8.050000000000000488e-01 1.040029254654790458e+00 5.675471049578755256e+00 3.033199666566353425e+00 9.542146363380794583e-01
8.150000000000000577e-01 1.041230235845658436e+00 5.810498574020304119e+00 3.110009573975976771e+00 9.840801464977255719e-01
8.250000000000000666e-01 1.042446582940215416e+00 5.947233819125135490e+00 3.188010342041045053e+00 9.994199998521497985e-01
8.349999999999999645e-01 1.043678202179357140e+00 6.085557705830649589e+00 3.267177479368624127e+00 1.000028168402207873e+00
8.449999999999999734e-01 1.044925000599063569e+00 6.225351492938113296e+00 3.347471232132988916e+00 9.864490730612506253e-01
8.549999999999999822e-01 1.046186886002363758e+00 6.366507384972144301e+00 3.428841291287838100e+00 9.599598056754228281e-01
8.649999999999999911e-01 1.047463766931806317e+00 6.508938073430355686e+00 3.511232048762611857e+00 9.225119472922057584e-01
8.750000000000000000e-01 1.048755552642418598e+00 6.652583611997646251e+00 3.594587172927977470e+00 8.766362646905159206e-01
8.850000000000000089e-01 1.050062153075147497e+00 6.797416385301041863e+00 3.678855808950752149e+00 8.253171370702030440e-01
8.950000000000000178e-01 1.051383478830772988e+00 6.943443442441260771e+00 3.763996068888651347e+00 7.718462185200568593e-01
9.050000000000000266e-01 1.052719441144281065e+00 7.090701255849210405e+00 3.849978995450007435e+00 7.196611604539536744e-01
9.150000000000000355e-01 1.054069951859691656e+00 7.239257296622547244e+00 3.936790238770912609e+00 6.721810257478615380e-01
9.250000000000000444e-01 1.055434923405329073e+00 7.389200162980562148e+00 4.024431219355735223e+00 6.326442963186663659e-01
9.350000000000000533e-01 1.056814268769528553e+00 7.540632796157284545e+00 4.112918453461491097e+00 6.039547775207747549e-01
9.450000000000000622e-01 1.058207901476769797e+00 7.693663315850121975e+00 4.202281341035128293e+00 5.885449862189405801e-01
9.550000000000000711e-01 1.059615735564230832e+00 7.848396993135521527e+00 4.292559793695737369e+00 5.882590911812467516e-01
9.649999999999999689e-01 1.061037685558753330e+00 8.004928165225809522e+00 4.383800987695034124e+00 6.042627669333662244e-01
9.749999999999999778e-01 1.062473666454213594e+00 8.163333499213161204e+00 4.476055826555588979e+00 6.369830203544663005e-01
9.849999999999999867e-01 1.063923593689290348e+00 8.323666846373431127e+00 4.569374237230229951e+00 6.860797054508029902e-01
9.949999999999999956e-01 1.065387383125626419e+00 8.485956121910986028e+00 4.663801696350878601e+00 7.504556182309122248e-01
1.005000000000000115e+00 1.066864951026373021e+00 8.650203040869392623e+00 4.759376743936593712e+00 8.283012594186215383e-01
1.015000000000000124e+00 1.068356214035114826e+00 8.816384545334994272e+00 4.856128211197631828e+00 9.171763641915147147e-01
1.024999999999999911e+00 1.069861089155168976e+00 8.984456135603512195e+00 4.954073735376918641e+00 1.014121822895921454e+00
1.034999999999999920e+00 1.071379493729249344e+00 9.154356601781557856e+00 5.053219025998863856e+00 1.115799481062781373e+00
1.044999999999999929e+00 1.072911345419497398e+00 9.326016365941923070e+00 5.153558487736130900e+00 1.218646894707206885e+00
1.054999999999999938e+00 1.074456562187866782e+00 9.499357571880235440e+00 5.255076793647678990e+00 1.319062353319580216e+00
1.064999999999999947e+00 1.076015062276864054e+00 9.674309451583079422e+00 5.357750148106681820e+00 1.413553126258638493e+00
1.074999999999999956e+00 1.077586764190635593e+00 9.850808763660475975e+00 5.461549375966480824e+00 1.498914660030877144e+00
1.084999999999999964e+00 1.079171586676399119e+00 1.002880586819113873e+01 5.566442251866673629e+00 1.572372606298121589e+00
1.094999999999999973e+00 1.080769448706216718e+00 1.020826879046972913e+01 5.672397104531235357e+00 1.631711858585022101e+00
1.104999999999999982e+00 1.082380269459101152e+00 1.038918420078875293e+01 5.779384249578306765e+00 1.675369570683154841e+00
1.114999999999999991e+00 1.084003968303457022e+00 1.057155897854811499e+01 5.887379817123322923e+00 1.702505404862819649e+00
1.125000000000000000e+00 1.085640464779849657e+00 1.075541777558261813e+01 5.996365802994928274e+00 1.713031912649058519e+00
1.135000000000000009e+00 1.087289678584100638e+00 1.094080169167378891e+01 6.106332818802968632e+00 1.707617810358486921e+00
1.145000000000000018e+00 1.088951529550704622e+00 1.112776385015794034e+01 6.217279594471818882e+00 1.687651686059167044e+00
1.155000000000000027e+00 1.090625937636568565e+00 1.131636549458320395e+01 6.329213018156780279e+00 1.655183025653974571e+00
1.165000000000000036e+00 1.092312822905064262e+00 1.150667119256049808e+01 6.442147744172634027e+00 1.612831184364198700e+00
1.175000000000000044e+00 1.094012105510399513e+00 1.169874504801365767e+01 6.556105427709000288e+00 1.563672750905531483e+00
1.185000000000000053e+00 1.095723705682299487e+00 1.189264244256450098e+01 6.671110189176365779e+00 1.511092566538931425e+00
1.195000000000000062e+00 1.097447543710998508e+00 1.208841582642289758e+01 6.787192686918835705e+00 1.458697408363964998e+00
1.205000000000000071e+00 1.099183539932540254e+00 1.228610066073134277e+01 6.904381818254102576e+00 1.410080742668437193e+00
1.215000000000000080e+00 1.100931614714385054e+00 1.248572006109823818e+01 7.022705964002664558e+00 1.368716808082300451e+00
1.225000000000000089e+00 1.102691688441321372e+00 1.268728229083036929e+01 7.142190508536424787e+00 1.337798385979279470e+00
1.235000000000000098e+00 1.104463681501680172e+00 1.289078232716540207e+01 7.262857153300461555e+00 1.320097072993182907e+00
1.245000000000000107e+00 1.106247514273852595e+00 1.309619960593378529e+01 7.384720788910966505e+00 1.317851582603904559e+00
1.255000000000000115e+00 1.108043107113107384e+00 1.330351003021208633e+01 7.507792510508728867e+00 1.332636629923414473e+00
1.265000000000000124e+00 1.109850380338708309e+00 1.351267575305236690e+01 7.632074526745936005e+00 1.365338511573216840e+00
1.275000000000000133e+00 1.111669254221331116e+00 1.372365776540598503e+01 7.757564717873428606e+00 1.416089383167236981e+00
1.284999999999999920e+00 1.113499648970778022e+00 1.393641620757730237e+01 7.884255094544348808e+00 1.484268978636920089e+00
1.294999999999999929e+00 1.115341484723989307e+00 1.415091432944559280e+01 8.012133434574575830e+00 1.568531123623895018e+00
1.304999999999999938e+00 1.117194681533353773e+00 1.436712197259624091e+01 8.141184955716575189e+00 1.666864286670920459e+00
1.314999999999999947e+00 1.119059159355313193e+00 1.458501728715096313e+01 8.271393618987389118e+00 1.776681189610909817e+00
1.324999999999999956e+00 1.120934838039265857e+00 1.480458866233155213e+01 8.402743253989712002e+00 1.894927018787564865e+00
1.334999999999999964e+00 1.122821637316764765e+00 1.502583217575528707e+01 8.535218935224259340e+00 2.018212129306011793e+00
1.344999999999999973e+00 1.124719476791012696e+00 1.524876471354244245e+01 8.668810011799381599e+00 2.142958965355591605e+00
1.354999999999999982e+00 1.126628275926654377e+00 1.547340450032496939e+01 8.803508364176028778e+00 2.265545338309045142e+00
1.364999999999999991e+00 1.128547954039863965e+00 1.569978146148309150e+01 8.939311145458898267e+00 2.382459880113083628e+00
1.375000000000000000e+00 1.130478430288730518e+00 1.592793184663241668e+01 9.076219633635330908e+00 2.490445281538244071e+00
1.385000000000000009e+00 1.132419623663941444e+00 1.615789603305022837e+01 9.214240332390492227e+00 2.586631561558102810e+00
1.395000000000000018e+00 1.134371452979762385e+00 1.638971659099183498e+01 9.353384584061181783e+00 2.668657823858108902e+00
1.405000000000000027e+00 1.136333836865317526e+00 1.662343384129735924e+01 9.493666447124640584e+00 2.734762127141562082e+00
1.415000000000000036e+00 1.138306693756168331e+00 1.685908542803945309e+01 9.635103625088030199e+00 2.783858474037454567e+00
1.425000000000000044e+00 1.140289941886192482e+00 1.709670250733218921e+01 9.777715034454613985e+00 2.815578778604539867e+00
1.435000000000000053e+00 1.142283499279765024e+00 1.733630864513209957e+01 9.921519930659817632e+00 2.830290226439288404e+00
1.445000000000000062e+00 1.144287283744239936e+00 1.757791325216159706e+01 1.006653704482156186e+01 2.829061513965972274e+00
1.455000000000000071e+00 1.146301212862736563e+00 1.782153432373918278e+01 1.021278429997834891e+01 2.813684478115890730e+00
1.465000000000000080e+00 1.148325203987230259e+00 1.806716500186299967e+01 1.036027605746149405e+01 2.786513742181519149e+00
1.475000000000000089e+00 1.150359174231948334e+00 1.831479588753215992e+01 1.050902367946052252e+01 2.750420926245344067e+00
1.485000000000000098e+00 1.152403040467071982e+00 1.856441152632012503e+01 1.065903462843292360e+01 2.708669180501913853e+00
1.495000000000000107e+00 1.154456719312749513e+00 1.881599208577500093e+01 1.081031309541721264e+01 2.664777647267019489e+00
1.505000000000000115e+00 1.156520127133416675e+00 1.906951586337829596e+01 1.096285944572420590e+01 2.622378867096250232e+00
1.515000000000000124e+00 1.158593180032429393e+00 1.932496052674394349e+01 1.111667039121570255e+01 2.585070431485244846e+00
1.525000000000000133e+00 1.160675793847010029e+00 1.958230644157090339e+01 1.127174096781053692e+01 2.556272794725130915e+00
1.535000000000000142e+00 1.162767884143507846e+00 1.984153661943318170e+01 1.142806312378774791e+01 2.539086797369852100e+00
1.544999999999999929e+00 1.164869366212974766e+00 2.010264108971596286e+01 1.158562954736410333e+01 2.536178105317905107e+00
1.554999999999999938e+00 1.166980155067061542e+00 2.036560601909632240e+01 1.174443039669258759e+01 2.549691012446088756e+00
1.564999999999999947e+00 1.169100165434231231e+00 2.063044880163267791e+01 1.190445956417181961e+01 2.581069959366183220e+00
1.574999999999999956e+00 1.171229311756297298e+00 2.089717197008991789e+01 1.206571104667900407e+01 2.631148997722149385e+00
1.584999999999999964e+00 1.173367508185281460e+00 2.116579080209735153e+01 1.222818093508278814e+01 2.700027731857321811e+00
1.594999999999999973e+00 1.175514668580601496e+00 2.143632617801561935e+01 1.239186821434287467e+01 2.787095078616981692e+00
1.604999999999999982e+00 1.177670706506583453e+00 2.170880347038085389e+01 1.255677512342331426e+01 2.891051194653719847e+00
1.614999999999999991e+00 1.179835535230304933e+00 2.198325043168057391e+01 1.272290621148069789e+01 3.009968418457691808e+00
1.625000000000000000e+00 1.182009067719768769e+00 2.225969670155981461e+01 1.289027009802634893e+01 3.141359173442672237e+00
1.635000000000000009e+00 1.184191216642411337e+00 2.253816974313432198e+01 1.305887577310591752e+01 3.282281471739932233e+00
1.645000000000000018e+00 1.186381894363947032e+00 2.281869262677233934e+01 1.322873675055319609e+01 3.429459735183897351e+00
1.655000000000000027e+00 1.188581012947548476e+00 2.310129482022091807e+01 1.339986458697640259e+01 3.579382492792964054e+00
1.665000000000000036e+00 1.190788484153369131e+00 2.338599087994409231e+01 1.357227324574531302e+01 3.728477575616007567e+00
1.675000000000000044e+00 1.193004219438406732e+00 2.367279404752642691e+01 1.374597674543346315e+01 3.873229125374281878e+00
1.685000000000000053e+00 1.195228129956711127e+00 2.396171094427333514e+01 1.392098687138332735e+01 4.010316007328393439e+00
1.695000000000000062e+00 1.197460126559938276e+00 2.425274394762379160e+01 1.409731520605789257e+01 4.136742196622138934e+00
1.705000000000000071e+00 1.199700119798254416e+00 2.454588981195676212e+01 1.427497078292501342e+01 4.249948627226142861e+00
1.715000000000000080e+00 1.201948019921588173e+00 2.484114112087119608e+01 1.445396034654531903e+01 4.347913663475917900e+00
1.725000000000000089e+00 1.204203736881238829e+00 2.513848818012967357e+01 1.463428874340546670e+01 4.429225849745209942e+00
1.735000000000000098e+00 1.206467180331836975e+00 2.543791878372034532e+01 1.481595805576910152e+01 4.493140422133770961e+00
1.745000000000000107e+00 1.208738259633664436e+00 2.573942108053711308e+01 1.499896889611356876e+01 4.539604418371691708e+00
1.755000000000000115e+00 1.211016883855332349e+00 2.604298281361038647e+01 1.518331841307446695e+01 4.569254011966232376e+00
1.765000000000000124e+00 1.213302961776821398e+00 2.634859935377542328e+01 1.536900818678488534e+01 4.583281602741092087e+00
1.775000000000000133e+00 1.215596401892885980e+00 2.665625858454081509e+01 1.555602782100128323e+01 4.583799972898871644e+00
1.785000000000000142e+00 1.217897112416823635e+00 2.696596070546607748e+01 1.574437606500521269e+01 4.573173487219466260e+00
1.794999999999999929e+00 1.220205001284612623e+00 2.727770798522730544e+01 1.593404928483136018e+01 4.554300950536695147e+00
1.804999999999999938e+00 1.222519976159418986e+00 2.759151009024188994e+01 1.612504603284509130e+01 4.530460548074358940e+00
1.814999999999999947e+00 1.224841944436477315e+00 2.790737253533535167e+01 1.631736210647314067e+01 4.505015792431430022e+00
1.824999999999999956e+00 1.227170813248343206e+00 2.822531195562014261e+01 1.651099791616091395e+01 4.481531466211437831e+00
1.834999999999999964e+00 1.229506489470522324e+00 2.854534613689100553e+01 1.670595573290540159e+01 4.463489745504853445e+00
1.844999999999999973e+00 1.231848879727479362e+00 2.886749501020585384e+01 1.690223947200812660e+01 4.454197244798399957e+00
1.854999999999999982e+00 1.234197890399023168e+00 2.919177888518568409e+01 1.709985414699654882e+01 4.456660168753256990e+00
1.864999999999999991e+00 1.236553427627077095e+00 2.951821829959142818e+01 1.729880677566077196e+01 4.473481679909909303e+00
1.875000000000000000e+00 1.238915397322829737e+00 2.984683278309198329e+01 1.749910572456158775e+01 4.506758855197401381e+00
1.885000000000000009e+00 1.241283705174272667e+00 3.017764861288275924e+01 1.770076195253955120e+01 4.558011115966569271e+00
1.895000000000000018e+00 1.243658256654124994e+00 3.051066503511611216e+01 1.790378274336008246e+01 4.628148472024125937e+00
1.905000000000000027e+00 1.246038957028144711e+00 3.084590046047060241e+01 1.810817881385451500e+01 4.717395323864335133e+00
1.915000000000000036e+00 1.248425711363831514e+00 3.118336292666639054e+01 1.831396013645730037e+01 4.825318368680605374e+00
1.925000000000000044e+00 1.250818424539521745e+00 3.152305615880320744e+01 1.852113494349694633e+01 4.950835054136065061e+00
1.935000000000000053e+00 1.253217001253874363e+00 3.186498151469090701e+01 1.872971148449485668e+01 5.092254205775792464e+00
1.945000000000000062e+00 1.255621346035752151e+00 3.220913654923593583e+01 1.893969574317440063e+01 5.247344708161111981e+00
1.955000000000000071e+00 1.258031363254499713e+00 3.255551690038342372e+01 1.915109268688895483e+01 5.413411524044719592e+00
1.965000000000000080e+00 1.260446957130616275e+00 3.290411615011740309e+01 1.936390495335717077e+01 5.587404802441534812e+00
1.975000000000000089e+00 1.262868031746829489e+00 3.325494535442942379e+01 1.957813836972538368e+01 5.765955623388332008e+00
1.985000000000000098e+00 1.265294491059563597e+00 3.360796731908407509e+01 1.979378736567686303e+01 5.945743835850910486e+00
1.995000000000000107e+00 1.267726238910813485e+00 3.396319020059306126e+01 2.001085354177796205e+01 6.123289640050558980e+00
2.004999999999999893e+00 1.270163179040415979e+00 3.432061087714678393e+01 2.022933621893264444e+01 6.295282528801447341e+00
2.015000000000000124e+00 1.272605215098723486e+00 3.468022755475006846e+01 2.044923314041034956e+01 6.458650417943907485e+00
2.024999999999999911e+00 1.275052250659680864e+00 3.504205068981776350e+01 2.067054434200593249e+01 6.610716744272198575e+00
2.035000000000000142e+00 1.277504189234306420e+00 3.540606872318033993e+01 2.089326558019237012e+01 6.749129395655289798e+00
2.044999999999999929e+00 1.279960934284574359e+00 3.577229573827263920e+01 2.111739716301353553e+01 6.872171549991633377e+00
2.055000000000000160e+00 1.282422389237703575e+00 3.614074291819692064e+01 2.134294033019969916e+01 6.978676715641720207e+00
2.064999999999999947e+00 1.284888457500850345e+00 3.651142067584518003e+01 2.156989499610402206e+01 7.068103878273390706e+00
2.075000000000000178e+00 1.287359042476205584e+00 3.688434401757506009e+01 2.179826444320316625e+01 7.140550392143385494e+00
2.084999999999999964e+00 1.289834047576496001e+00 3.725952676789296447e+01 2.202805169376274819e+01 7.196753582417944273e+00
2.095000000000000195e+00 1.292313376240894485e+00 3.763698502911197608e+01 2.225926241237237235e+01 7.238050187423707094e+00
2.104999999999999982e+00 1.294796931951329721e+00 3.801674135735611770e+01 2.249190195972590800e+01 7.266307727451687626e+00
2.115000000000000213e+00 1.297284618249205046e+00 3.839879451179312753e+01 2.272597682564862254e+01 7.283977555691206973e+00
2.125000000000000000e+00 1.299776338752518745e+00 3.878316370956930115e+01 2.296149442701806720e+01 7.293821804673185305e+00
2.135000000000000231e+00 1.302271997173391371e+00 3.916985877921236181e+01 2.319846185723558918e+01 7.298933793683126225e+00
2.145000000000000018e+00 1.304771497335994956e+00 3.955888743709982691e+01 2.343688622364324203e+01 7.302602809482523050e+00
2.155000000000000249e+00 1.307274743194883682e+00 3.995025556355040663e+01 2.367677515074685246e+01 7.308200517417584585e+00
2.165000000000000036e+00 1.309781638853730668e+00 4.034396528444429464e+01 2.391813428386674190e+01 7.319056349909023318e+00
2.175000000000000266e+00 1.312292088584462002e+00 4.074001741660696041e+01 2.416096933665073720e+01 7.338344925758369719e+00
2.185000000000000053e+00 1.314805996846795111e+00 4.113842058844699778e+01 2.440528464165968003e+01 7.368987048059575606e+00
2.194999999999999840e+00 1.317323268308171258e+00 4.153915446863075545e+01 2.465108426445231515e+01 7.413507063948709508e+00
2.205000000000000071e+00 1.319843807864092611e+00 4.194222385051884316e+01 2.489837015108653162e+01 7.474013585088894907e+00
2.214999999999999858e+00 1.322367520658849438e+00 4.234762430195828387e+01 2.514714305065582778e+01 7.552078374859099164e+00
2.225000000000000089e+00 1.324894312106648098e+00 4.275535369525854890e+01 2.539740503222882850e+01 7.648699659766696080e+00
2.234999999999999876e+00 1.327424087913126938e+00 4.316540903483171832e+01 2.564915550008887379e+01 7.764268920146900399e+00
2.245000000000000107e+00 1.329956754097271210e+00 4.357778909423154090e+01 2.590239347693014338e+01 7.898564007104288187e+00
2.254999999999999893e+00 1.332492217013710345e+00 4.399249441772835922e+01 2.615711875789402541e+01 8.050752250352811501e+00
2.265000000000000124e+00 1.335030383375409135e+00 4.440952815025513445e+01 2.641333103636533508e+01 8.219428262674112418e+00
2.274999999999999911e+00 1.337571160276742388e+00 4.482890031778382678e+01 2.667102784628968237e+01 8.402722173174717923e+00
2.285000000000000142e+00 1.340114455216953049e+00 4.525060634144690397e+01 2.693021219003194489e+01 8.598155253284629040e+00
2.294999999999999929e+00 1.342660176123993576e+00 4.567465942288812641e+01 2.719088388449363691e+01 8.803015647260519216e+00
2.305000000000000160e+00 1.345208231378743458e+00 4.610106903975407278e+01 2.745304408958695319e+01 9.014274902882279505e+00
2.314999999999999947e+00 1.347758529839606201e+00 4.652984612414555698e+01 2.771669587117543898e+01 9.228736974077007105e+00
2.325000000000000178e+00 1.350310980867478472e+00 4.696100156824453364e+01 2.798184198024192071e+01 9.443139090876925934e+00
2.334999999999999964e+00 1.352865494351088493e+00 4.739454663988711758e+01 2.824848667812465663e+01 9.654273522966256849e+00
2.345000000000000195e+00 1.355421980732705700e+00 4.783049131793743669e+01 2.851663366406654632e+01 9.859094640611617777e+00
2.354999999999999982e+00 1.357980351034212774e+00 4.826884661023667178e+01 2.878628950701897082e+01 1.005481528033470262e+01
2.365000000000000213e+00 1.360540516883539608e+00 4.870962029250986092e+01 2.905745848442416701e+01 1.023900705575854175e+01
2.375000000000000000e+00 1.363102390541456321e+00 4.915281987839422584e+01 2.933014657443402839e+01 1.040967530693230891e+01
2.385000000000000231e+00 1.365665884928720875e+00 4.959845110126100565e+01 2.960435954125991032e+01 1.056533318274250099e+01
2.395000000000000018e+00 1.368230913653576408e+00 5.004651698878750921e+01 2.988010156709376730e+01 1.070504179357738472e+01
2.405000000000000249e+00 1.370797391039600077e+00 5.049699927180536463e+01 3.015736562602212700e+01 1.082819184049446903e+01
2.415000000000000036e+00 1.373365232153893167e+00 5.094993642717087567e+01 3.043617803011802891e+01 1.093547795362952790e+01
2.425000000000000266e+00 1.375934352835608943e+00 5.140529722312065530e+01 3.071652475949051109e+01 1.102762981621355465e+01
2.435000000000000053e+00 1.378504669724822440e+00 5.186310231860316833e+01 3.099842005390159017e+01 1.110575882673366266e+01
2.444999999999999840e+00 1.381076100291728892e+00 5.232334020509267702e+01 3.128186096679985440e+01 1.117184759635343916e+01
2.455000000000000071e+00 1.383648562866170106e+00 5.278600826900240151e+01 3.156684788342315073e+01 1.122819823832739417e+01
2.464999999999999858e+00 1.386221976667483702e+00 5.325109714196885591e+01 3.185337914046997554e+01 1.127743472777463296e+01
2.475000000000000089e+00 1.388796261834676082e+00 5.371862032859689151e+01 3.214145973146951718e+01 1.132255478206156596e+01
2.484999999999999876e+00 1.391371339456903167e+00 5.418857166991357843e+01 3.243108750963840237e+01 1.136662357754252994e+01
2.495000000000000107e+00 1.393947131604270639e+00 5.466095189556735789e+01 3.272226227113235097e+01 1.141280525434887672e+01
2.504999999999999893e+00 1.396523561358930632e+00 5.513576440672591872e+01 3.301498417998175228e+01 1.146422399502249512e+01
2.515000000000000124e+00 1.399100552846486600e+00 5.561301233337817251e+01 3.330925258703365444e+01 1.152385826386294454e+01
2.524999999999999911e+00 1.401678031267691527e+00 5.609270146104761068e+01 3.360506818054985700e+01 1.159444519540289065e+01
2.535000000000000142e+00 1.404255922930439437e+00 5.657483874663456191e+01 3.390243255410061352e+01 1.167839168833509866e+01
2.544999999999999929e+00 1.406834155282040921e+00 5.705943133463338057e+01 3.420134681290163314e+01 1.177769825537320969e+01
2.555000000000000160e+00 1.409412656941783526e+00 5.754646264668449618e+01 3.450180771089222276e+01 1.189377959784212990e+01
2.564999999999999947e+00 1.411991357733769048e+00 5.803598664457912548e+01 3.480382848137384144e+01 1.202782826903180435e+01
2.575000000000000178e+00 1.414570188720020605e+00 5.852799026920833825e+01 3.510740713594852025e+01 1.218020972235097332e+01
2.584999999999999964e+00 1.417149082233858159e+00 5.902248125173247217e+01 3.541254732443950104e+01 1.235081614550591134e+01
2.595000000000000195e+00 1.419727971913536280e+00 5.951946723633692216e+01 3.571925319171869262e+01 1.253897111228526207e+01
2.604999999999999982e+00 1.422306792736138581e+00 6.001893576902595129e+01 3.602752474860801613e+01 1.274359906236147921e+01
2.615000000000000213e+00 1.424885481051721747e+00 6.052092506329746868e+01 3.633737325713053679e+01 1.296281288049605607e+01
2.625000000000000000e+00 1.427463974617710019e+00 6.102542418314513384e+01 3.664879979440204494e+01 1.319457673823037247e+01
2.635000000000000231e+00 1.430042212633526821e+00 6.153243546541043685e+01 3.696180796035448424e+01 1.343641156809777470e+01
2.645000000000000018e+00 1.432620135775467096e+00 6.204196124597297768e+01 3.727640185779956283e+01 1.368556447770890294e+01
2.655000000000000249e+00 1.435197686231796554e+00 6.255399160747400344e+01 3.759258177246860555e+01 1.393903877148348691e+01
2.665000000000000036e+00 1.437774807738079197e+00 6.306854418980758936e+01 3.791035390610517908e+01 1.419390893209858717e+01
2.675000000000000266e+00 1.440351445612727099e+00 6.358560971112886051e+01 3.822971824925281936e+01 1.444710978467749385e+01
2.685000000000000053e+00 1.442927546792763360e+00 6.410518819893397335e+01 3.855067710983172447e+01 1.469574452580787494e+01
2.694999999999999840e+00 1.445503059869796658e+00 6.462727773965282552e+01 3.887323067164227552e+01 1.493710924121062078e+01
2.705000000000000071e+00 1.448077935126202975e+00 6.515187924253285701e+01 3.919738106583149317e+01 1.516879788890413749e+01
2.714999999999999858e+00 1.450652124571508272e+00 6.567899135461964022e+01 3.952312726577793711e+01 1.538877766064412178e+01
2.725000000000000089e+00 1.453225581978965009e+00 6.620861462635620853e+01 3.985046885853266474e+01 1.559545516367749585e+01
2.734999999999999876e+00 1.455798262922322506e+00 6.674074087690762269e+01 4.017940932343961435e+01 1.578777447531571099e+01
2.745000000000000107e+00 1.458370124812782276e+00 6.727539191465454849e+01 4.050994434285242818e+01 1.596497356553297031e+01
