% raindrop T-matrix calculations using the code of Leinonen, J., "Python code for T-matrix scattering calculations". Available at https://github.com/jleinonen/pytmatrix/. 
% 
% refractive index calculations after Turner et al. (2005): An Improved Liquid Water Absorption Model at Microwave Frequencies for Supercooled Liquid Water Clouds  
% 
% raindrop aspect ratio estimated with the methodology of Brandes, Edward & Zhang, Guifu & Vivekanandan, Jothiram. (2005). Corrigendum. Journal of Applied Meteorology. 44. 186-. 10.1175/1520-0450(2005)44<186:C>2.0.CO;2. 
% 
% wave length: 1.498962 mm 
% temperature: 298.15 K 
% refractive index: 2.800685823925938678e+00 + 1.342263583008004080e+00 i 
% 
%r_eqv[mm]               axial ratio              ext[mm2]                 sca[mm2]                 back[mm2]
5.000000000000000104e-03 9.999900000999989436e-01 1.226667461390102360e-06 2.733368030238059600e-11 4.098776898678405475e-11
1.499999999999999944e-02 9.999900000999989436e-01 3.342918350243425063e-05 1.998689316794047588e-08 2.989660932627469981e-08
2.500000000000000139e-02 9.999900000999989436e-01 1.577923200339587215e-04 4.309548073887852092e-07 6.414400668263207481e-07
3.500000000000000333e-02 9.999900000999989436e-01 4.462144743437616509e-04 3.273545235345664783e-06 4.836484815393733800e-06
4.499999999999999833e-02 9.999900000999989436e-01 9.882960433035196772e-04 1.495797553852946311e-05 2.188404218484443653e-05
5.500000000000000028e-02 9.999900000999989436e-01 1.901674515717525007e-03 5.056678806143863927e-05 7.308705231452193650e-05
6.500000000000000222e-02 9.999900000999989436e-01 3.344962719712021686e-03 1.400500755239483580e-04 1.995178577049408378e-04
7.499999999999999722e-02 9.999900000999989436e-01 5.533732385842838122e-03 3.366686904520446960e-04 4.716934383085332112e-04
8.500000000000000611e-02 9.999900000999989436e-01 8.759763797238905372e-03 7.280511353657988238e-04 1.001047312322728361e-03
9.500000000000000111e-02 9.999900000999989436e-01 1.341322875890517755e-02 1.450118422242240327e-03 1.952827574904968545e-03
1.049999999999999961e-01 9.999900000999989436e-01 2.000632417842906560e-02 2.703790930508414864e-03 3.559656446530363050e-03
1.150000000000000050e-01 9.999900000999989436e-01 2.919479690341727704e-02 4.773632619165656121e-03 6.134330172744366025e-03
1.250000000000000000e-01 9.999900000999989436e-01 4.179050399331778881e-02 8.046185209517414672e-03 1.007944654897611515e-02
1.350000000000000089e-01 9.999900000999989436e-01 5.875357090182027620e-02 1.302343164829616699e-02 1.588996967709221247e-02
1.449999999999999900e-01 9.999900000999989436e-01 8.114799564402706833e-02 2.032357372626673181e-02 2.414275870855299086e-02
1.549999999999999989e-01 9.999900000999989436e-01 1.100424388061513048e-01 3.065768099321437151e-02 3.546431453959859870e-02
1.650000000000000078e-01 9.999900000999989436e-01 1.463443047799204699e-01 4.476871581001615197e-02 5.046512390037968809e-02
1.750000000000000167e-01 9.999900000999989436e-01 1.905759860425218222e-01 6.332275038056361938e-02 6.962858757395644360e-02
1.849999999999999978e-01 9.999900000999989436e-01 2.426381516647967140e-01 8.675573639022082784e-02 9.315095128454375928e-02
1.950000000000000067e-01 1.000344839311130496e+00 3.016854562699400888e-01 1.151338195037024253e-01 1.208041691936887485e-01
2.050000000000000155e-01 1.000376259251188893e+00 3.659591845201449201e-01 1.479176332583628517e-01 1.515961674434647966e-01
2.149999999999999967e-01 1.000431836433301802e+00 4.332199050707563059e-01 1.840922138598774516e-01 1.839936908493260137e-01
2.250000000000000056e-01 1.000511344221778787e+00 5.009830934595285168e-01 2.222014413529778409e-01 2.159136992081415463e-01
2.350000000000000144e-01 1.000614560248383578e+00 5.669987379999494870e-01 2.606258652009886267e-01 2.450823861230820577e-01
2.449999999999999956e-01 1.000741266305821942e+00 6.296207364917407734e-01 2.978829307505039825e-01 2.694104872096964032e-01
2.550000000000000044e-01 1.000891248244015541e+00 6.880033016295765691e-01 3.328725590866245532e-01 2.872819307904421193e-01
2.650000000000000133e-01 1.001064295869075416e+00 7.421039980465733432e-01 3.650035285505967564e-01 2.976727174156861278e-01
2.750000000000000222e-01 1.001260202844886926e+00 7.925412690757209777e-01 3.941944306096761830e-01 3.001114698693597704e-01
2.850000000000000311e-01 1.001478766597222014e+00 8.403836436775772301e-01 4.207866731728919230e-01 2.945585146122187692e-01
2.949999999999999845e-01 1.001719788220298835e+00 8.869378365400726327e-01 4.454188043962174492e-01 2.812900850390991914e-01
3.049999999999999933e-01 1.001983072385710605e+00 9.335751885894141289e-01 4.689010387113645151e-01 2.608449145251715562e-01
3.150000000000000022e-01 1.002268427253648841e+00 9.816053084095491821e-01 4.921097150073071025e-01 2.340492041430350112e-01
3.250000000000000111e-01 1.002575664386349930e+00 1.032185973671255308e+00 5.159036804452606928e-01 2.020961319780797683e-01
3.350000000000000200e-01 1.002904598663692415e+00 1.086253819362735129e+00 5.410592465501712356e-01 1.666360402239200067e-01
3.450000000000000289e-01 1.003255048200880628e+00 1.144464307766825284e+00 5.682173218491628486e-01 1.298210682419105866e-01
3.549999999999999822e-01 1.003626834268148693e+00 1.207140905718030011e+00 5.978401830365724923e-01 9.425604496468693860e-02
3.649999999999999911e-01 1.004019781212422524e+00 1.274246592550519752e+00 6.301817364591446591e-01 6.282991579770155766e-02
3.750000000000000000e-01 1.004433716380879638e+00 1.345394446261894306e+00 6.652774935851825111e-01 3.843879039687762844e-02
3.850000000000000089e-01 1.004868470046347273e+00 1.419909960777292035e+00 7.029610023586733147e-01 2.365226065534848168e-02
3.950000000000000178e-01 1.005323875334485528e+00 1.496940676490571276e+00 7.429077318924852680e-01 2.040143807798694073e-02
4.050000000000000266e-01 1.005799768152698448e+00 1.575591679053223837e+00 7.846980293403863493e-01 2.976321761609649827e-02
4.150000000000000355e-01 1.006295987120720881e+00 1.655055904603550676e+00 8.278862920785077240e-01 5.188317177852156542e-02
4.249999999999999889e-01 1.006812373502834479e+00 1.734711466889677256e+00 8.720617804852555111e-01 8.603182887269714141e-02
4.349999999999999978e-01 1.007348771141657329e+00 1.814170732853923829e+00 9.168895613075280782e-01 1.307524045644968824e-01
4.450000000000000067e-01 1.007905026393466796e+00 1.893284187495065218e+00 9.621307552965403520e-01 1.840463458798552443e-01
4.550000000000000155e-01 1.008480988065006079e+00 1.972110923111086267e+00 1.007644599951872832e+00 2.435515966250754172e-01
4.650000000000000244e-01 1.009076507351731156e+00 2.050871056636649481e+00 1.053378032553830446e+00 3.066918074021683371e-01
4.750000000000000333e-01 1.009691437777457068e+00 2.129893447621081126e+00 1.099349892012875918e+00 3.707927694929841200e-01
4.849999999999999867e-01 1.010325635135361333e+00 2.209567789368109381e+00 1.145634346342574883e+00 4.331761919982848874e-01
4.949999999999999956e-01 1.010978957430304748e+00 2.290303640674526076e+00 1.192345153882837350e+00 4.912429731144464795e-01
5.050000000000000044e-01 1.011651264822433394e+00 2.372498671039976692e+00 1.239623148558223642e+00 5.425587066193917618e-01
5.150000000000000133e-01 1.012342419572020980e+00 2.456513055651250887e+00 1.287624359997939560e+00 5.849434159988359250e-01
5.250000000000000222e-01 1.013052285985520662e+00 2.542651139758998813e+00 1.336510621876483285e+00 6.165706313651326820e-01
5.350000000000000311e-01 1.013780730362787486e+00 2.631148268725532979e+00 1.386440765265990249e+00 6.360673781130387061e-01
5.450000000000000400e-01 1.014527620945441466e+00 2.722161237916587151e+00 1.437561227371278116e+00 6.426062445257908484e-01
5.550000000000000488e-01 1.015292827866336012e+00 2.815764650639436706e+00 1.489998821999264589e+00 6.359840161311007822e-01
5.650000000000000577e-01 1.016076223100103704e+00 2.911950270268803376e+00 1.543852475235405919e+00 6.166712893584407329e-01
5.750000000000000666e-01 1.016877680414747243e+00 3.010632294189381053e+00 1.599187511891437818e+00 5.858270367118196820e-01
5.849999999999999645e-01 1.017697075324246692e+00 3.111656866255490872e+00 1.656031670546507018e+00 5.452718960706717244e-01
5.949999999999999734e-01 1.018534285042156151e+00 3.214815578530964668e+00 1.714373107278660324e+00 4.974157225811011718e-01
6.049999999999999822e-01 1.019389188436160998e+00 3.319863296187538726e+00 1.774162056677550448e+00 4.451444960014795948e-01
6.149999999999999911e-01 1.020261665983570154e+00 3.426537230331659689e+00 1.835314840159391059e+00 3.916707955707022792e-01
6.250000000000000000e-01 1.021151599727719406e+00 3.534579160937326492e+00 1.897721843430912880e+00 3.403608803022462603e-01
6.350000000000000089e-01 1.022058873235258902e+00 3.643753716314577673e+00 1.961255642094284157e+00 2.945496615139123198e-01
6.450000000000000178e-01 1.022983371554301524e+00 3.753867152455702350e+00 2.025782704455511229e+00 2.573576253498731092e-01
6.550000000000000266e-01 1.023924981173411908e+00 3.864779770674417136e+00 2.091173551231651384e+00 2.315244810116017793e-01
6.650000000000000355e-01 1.024883589981409493e+00 3.976415153083706855e+00 2.157313092585765091e+00 2.192646456148775458e-01
6.750000000000000444e-01 1.025859087227968924e+00 4.088762668235834674e+00 2.224108921221143120e+00 2.221565005975086882e-01
6.850000000000000533e-01 1.026851363484993174e+00 4.201875834085799788e+00 2.291498097345031404e+00 2.410643918471214731e-01
6.950000000000000622e-01 1.027860310608740946e+00 4.315864544865487318e+00 2.359449845506484067e+00 2.760957584086371486e-01
7.049999999999999600e-01 1.028885821702690384e+00 4.430884603914568842e+00 2.427967592338821756e+00 3.265925157778638566e-01
7.149999999999999689e-01 1.029927791081118427e+00 4.547123297619708460e+00 2.497086378810330576e+00 3.911534419506417781e-01
7.249999999999999778e-01 1.030986114233377604e+00 4.664784183186706734e+00 2.566869774791317393e+00 4.676877808966111161e-01
7.349999999999999867e-01 1.032060687788854958e+00 4.784070215635012779e+00 2.637403149231588362e+00 5.534980309683708022e-01
7.449999999999999956e-01 1.033151409482594651e+00 4.905168725728992207e+00 2.708786882105166161e+00 6.453913535906683485e-01
7.550000000000000044e-01 1.034258178121568061e+00 5.028235827310647110e+00 2.781127781171440549e+00 7.398159694390703534e-01
7.650000000000000133e-01 1.035380893551575587e+00 5.153387609244647116e+00 2.854531346451348650e+00 8.330247503534018438e-01
7.750000000000000222e-01 1.036519456624765523e+00 5.280690816439586044e+00 2.929093091832928319e+00 9.212544331514260776e-01
7.850000000000000311e-01 1.037673769167756666e+00 5.410159879368009683e+00 3.004892031135558472e+00 1.000916434640577890e+00
7.950000000000000400e-01 1.038843733950345127e+00 5.541757650798900592e+00 3.081984645306707904e+00 1.068788797620580988e+00
8.050000000000000488e-01 1.040029254654790458e+00 5.675401180152723768e+00 3.160402332318533958e+00 1.122194501635502606e+00
8.150000000000000577e-01 1.041230235845658436e+00 5.810970198049412616e+00 3.240149309910301589e+00 1.159157196003802515e+00
8.250000000000000666e-01 1.042446582940215416e+00 5.948319887586682952e+00 3.321204668521284820e+00 1.178518849683070524e+00
8.349999999999999645e-01 1.043678202179357140e+00 6.087293731444794354e+00 3.403524767187065869e+00 1.180011359430288342e+00
8.449999999999999734e-01 1.044925000599063569e+00 6.227738742770189795e+00 3.487049265856459357e+00 1.164280330961743770e+00
8.549999999999999822e-01 1.046186886002363758e+00 6.369516928202417994e+00 3.571705795818482798e+00 1.132853004567799804e+00
8.649999999999999911e-01 1.047463766931806317e+00 6.512517710197736953e+00 3.657418112029383828e+00 1.088061860416284832e+00
8.750000000000000000e-01 1.048755552642418598e+00 6.656665313462773348e+00 3.744111961615202322e+00 1.032924131728043760e+00
8.850000000000000089e-01 1.050062153075147497e+00 6.801923912696199892e+00 3.831721646471835108e+00 9.709904011951689951e-01
8.950000000000000178e-01 1.051383478830772988e+00 6.948298642501689493e+00 3.920194353716981883e+00 9.061713254037312426e-01
9.050000000000000266e-01 1.052719441144281065e+00 7.095831234773095630e+00 4.009494411345723819e+00 8.425468701021928686e-01
9.150000000000000355e-01 1.054069951859691656e+00 7.244598304736856953e+00 4.099604670330545098e+00 7.841802026620382504e-01
9.250000000000000444e-01 1.055434923405329073e+00 7.394701458433274865e+00 4.190527171055011380e+00 7.349294293664934141e-01
9.350000000000000533e-01 1.056814268769528553e+00 7.546259348066381101e+00 4.282282694078523022e+00 6.982731832628517044e-01
9.450000000000000622e-01 1.058207901476769797e+00 7.699397024179965854e+00 4.374907306832577447e+00 6.771512633910562462e-01
9.550000000000000711e-01 1.059615735564230832e+00 7.854237223742158491e+00 4.468450241252861943e+00 6.738310008364197801e-01
9.649999999999999689e-01 1.061037685558753330e+00 8.010890290853435403e+00 4.562968390533479912e+00 6.897979213655854869e-01
9.749999999999999778e-01 1.062473666454213594e+00 8.169447586045500032e+00 4.658523317075444758e+00 7.256810825974103762e-01
9.849999999999999867e-01 1.063923593689290348e+00 8.329974840804176495e+00 4.755175489845091974e+00 7.812139854273997264e-01
9.949999999999999956e-01 1.065387383125626419e+00 8.492509239802325638e+00 4.852980792275923605e+00 8.552369592699978762e-01
1.005000000000000115e+00 1.066864951026373021e+00 8.657057231180081303e+00 4.951985770156414723e+00 9.457373376637726592e-01
1.015000000000000124e+00 1.068356214035114826e+00 8.823596534564289939e+00 5.052225615523323832e+00 1.049937347712428304e+00
1.024999999999999911e+00 1.069861089155168976e+00 8.992079274486286522e+00 5.153722152595928030e+00 1.164415098299725893e+00
1.034999999999999920e+00 1.071379493729249344e+00 9.162436765982407749e+00 5.256482083213224854e+00 1.285260814189039813e+00
1.044999999999999929e+00 1.072911345419497398e+00 9.334586830591243611e+00 5.360498441554835125e+00 1.408259349815029315e+00
1.054999999999999938e+00 1.074456562187866782e+00 9.508441123798366590e+00 5.465752295279461492e+00 1.529089001020724536e+00
1.064999999999999947e+00 1.076015062276864054e+00 9.683911879088993757e+00 5.572213049579179511e+00 1.643522999682337948e+00
1.074999999999999956e+00 1.077586764190635593e+00 9.860920593914920929e+00 5.679844257990279033e+00 1.747629309759998195e+00
1.084999999999999964e+00 1.079171586676399119e+00 1.003940281951071078e+01 5.788604697793152454e+00 1.837950802932119654e+00
1.094999999999999973e+00 1.080769448706216718e+00 1.021931331000883958e+01 5.898453316157285187e+00 1.911667384814975668e+00
1.104999999999999982e+00 1.082380269459101152e+00 1.040062924158432978e+01 6.009352066704205519e+00 1.966718504242886967e+00
1.114999999999999991e+00 1.084003968303457022e+00 1.058335079114091393e+01 6.121269001689153555e+00 2.001893531342721744e+00
1.125000000000000000e+00 1.085640464779849657e+00 1.076750099194788213e+01 6.234180623766846452e+00 2.016886914937152664e+00
1.135000000000000009e+00 1.087289678584100638e+00 1.095312297904378163e+01 6.348073715906741299e+00 2.012304774388569140e+00
1.145000000000000018e+00 1.088951529550704622e+00 1.114027405031239581e+01 6.462944930631916662e+00 1.989630812745993627e+00
1.155000000000000027e+00 1.090625937636568565e+00 1.132902901505662285e+01 6.578803710494494972e+00 1.951192822014136574e+00
1.165000000000000036e+00 1.092312822905064262e+00 1.151946303982740893e+01 6.695667134939675691e+00 1.900018657624116258e+00
1.175000000000000044e+00 1.094012105510399513e+00 1.171165416642869772e+01 6.813562349671706819e+00 1.839733385215941430e+00
1.185000000000000053e+00 1.095723705682299487e+00 1.190567495204956039e+01 6.932522101455423247e+00 1.774401825245195630e+00
1.195000000000000062e+00 1.097447543710998508e+00 1.210158811126218481e+01 7.052582924463624892e+00 1.708351482892226825e+00
1.205000000000000071e+00 1.099183539932540254e+00 1.229944305723305042e+01 7.173783272174479642e+00 1.645991034950655241e+00
1.215000000000000080e+00 1.100931614714385054e+00 1.249927275241819125e+01 7.296159979816305707e+00 1.591616698739544145e+00
1.225000000000000089e+00 1.102691688441321372e+00 1.270108996262971246e+01 7.419746018213711380e+00 1.549232693701064312e+00
1.235000000000000098e+00 1.104463681501680172e+00 1.290489558045762486e+01 7.544568985488780299e+00 1.522352688094623874e+00
1.245000000000000107e+00 1.106247514273852595e+00 1.311066924822879898e+01 7.670649504205931279e+00 1.513875053941175608e+00
1.255000000000000115e+00 1.108043107113107384e+00 1.331837723752465763e+01 7.797999111158370411e+00 1.525934492256923347e+00
1.265000000000000124e+00 1.109850380338708309e+00 1.352797636536675263e+01 7.926621866020675533e+00 1.559809324705951017e+00
1.275000000000000133e+00 1.111669254221331116e+00 1.373941678778389708e+01 8.056513307107586286e+00 1.615866764528185451e+00
1.284999999999999920e+00 1.113499648970778022e+00 1.395264674391405535e+01 8.187661930537430521e+00 1.693542772178509237e+00
1.294999999999999929e+00 1.115341484723989307e+00 1.416761666538723219e+01 8.320050067103085922e+00 1.791369215577646168e+00
1.304999999999999938e+00 1.117194681533353773e+00 1.438428450765665723e+01 8.453657371595749481e+00 1.907038978108608562e+00
1.314999999999999947e+00 1.119059159355313193e+00 1.460261741794215595e+01 8.588460456050963643e+00 2.037504449661723172e+00
1.324999999999999956e+00 1.120934838039265857e+00 1.482259185069493235e+01 8.724436760452862316e+00 2.179118177249646404e+00
1.334999999999999964e+00 1.122821637316764765e+00 1.504420656668937184e+01 8.861565026020404190e+00 2.327766792164450038e+00
1.344999999999999973e+00 1.124719476791012696e+00 1.526746752036975607e+01 8.999829347330834395e+00 2.479075245352979628e+00
1.354999999999999982e+00 1.126628275926654377e+00 1.549239532021866417e+01 9.139217623175625249e+00 2.628572303028609891e+00
1.364999999999999991e+00 1.128547954039863965e+00 1.571902313081421276e+01 9.279724300607371745e+00 2.771881654210249124e+00
1.375000000000000000e+00 1.130478430288730518e+00 1.594739341931775378e+01 9.421350712926564341e+00 2.904902906259726691e+00
1.385000000000000009e+00 1.132419623663941444e+00 1.617755417328569578e+01 9.564103514969698239e+00 3.023976522681490309e+00
1.395000000000000018e+00 1.134371452979762385e+00 1.640955786902119939e+01 9.707997303411650236e+00 3.126041044548170333e+00
1.405000000000000027e+00 1.136333836865317526e+00 1.664345501291693452e+01 9.853049844133680679e+00 3.208749689203470368e+00
1.415000000000000036e+00 1.138306693756168331e+00 1.687929282667959896e+01 9.999283336772169406e+00 3.270572107701951836e+00
1.425000000000000044e+00 1.140289941886192482e+00 1.711711251523948363e+01 1.014672291467043230e+01 3.310856919494336026e+00
1.435000000000000053e+00 1.142283499279765024e+00 1.735694490054181571e+01 1.029539268448102973e+01 3.329857228451128304e+00
1.445000000000000062e+00 1.144287283744239936e+00 1.759881216943736604e+01 1.044531841272337402e+01 3.328726962627233998e+00
1.455000000000000071e+00 1.146301212862736563e+00 1.784271726819347137e+01 1.059652159873594002e+01 3.309432436835082925e+00
1.465000000000000080e+00 1.148325203987230259e+00 1.808867162344796853e+01 1.074902110095655416e+01 3.274816539035550367e+00
1.475000000000000089e+00 1.150359174231948334e+00 1.833665830909557926e+01 1.090283112158094170e+01 3.228286668835882889e+00
1.485000000000000098e+00 1.152403040467071982e+00 1.858665808356000682e+01 1.105796100353698108e+01 3.173799731510478228e+00
1.495000000000000107e+00 1.154456719312749513e+00 1.883864478412645127e+01 1.121441480109643862e+01 3.115669426187920532e+00
1.505000000000000115e+00 1.156520127133416675e+00 1.909258926522453237e+01 1.137219177702898065e+01 3.058396117407198300e+00
1.515000000000000124e+00 1.158593180032429393e+00 1.934846073084718654e+01 1.153128653594449915e+01 3.006478890156393025e+00
1.525000000000000133e+00 1.160675793847010029e+00 1.960623021674970801e+01 1.169168987145579663e+01 2.964237223118023845e+00
1.535000000000000142e+00 1.162767884143507846e+00 1.986587333146051293e+01 1.185339068514545424e+01 2.935633194168842053e+00
1.544999999999999929e+00 1.164869366212974766e+00 2.012737196630217085e+01 1.201637644732341670e+01 2.924119820880275444e+00
1.554999999999999938e+00 1.166980155067061542e+00 2.039071177129756052e+01 1.218063467526154753e+01 2.932511140287797247e+00
1.564999999999999947e+00 1.169100165434231231e+00 2.065589730392943224e+01 1.234615220855638285e+01 2.962820202760187538e+00
1.574999999999999956e+00 1.171229311756297298e+00 2.092293315940258580e+01 1.251292061264475741e+01 3.016269586281101311e+00
1.584999999999999964e+00 1.173367508185281460e+00 2.119183512518120338e+01 1.268093350489221116e+01 3.093186488538665735e+00
1.594999999999999973e+00 1.175514668580601496e+00 2.146262631843136859e+01 1.285018798350113123e+01 3.193004843687712757e+00
1.604999999999999982e+00 1.177670706506583453e+00 2.173533671238312692e+01 1.302068601583468777e+01 3.314295103291450495e+00
1.614999999999999991e+00 1.179835535230304933e+00 2.200999954584513318e+01 1.319243275069992904e+01 3.454819535043383461e+00
1.625000000000000000e+00 1.182009067719768769e+00 2.228665064219791603e+01 1.336543769129619719e+01 3.611620537911491180e+00
1.635000000000000009e+00 1.184191216642411337e+00 2.256532550637212609e+01 1.353971350600372858e+01 3.781138800970351266e+00
1.645000000000000018e+00 1.186381894363947032e+00 2.284605700007436369e+01 1.371527483206076425e+01 3.959349060574964607e+00
1.655000000000000027e+00 1.188581012947548476e+00 2.312887523776090504e+01 1.389213975769696319e+01 4.141918892788001294e+00
1.665000000000000036e+00 1.190788484153369131e+00 2.341380352741062154e+01 1.407032535181802047e+01 4.324374692112153085e+00
1.675000000000000044e+00 1.193004219438406732e+00 2.370085848457858191e+01 1.424984867357190410e+01 4.502273774641309956e+00
1.685000000000000053e+00 1.195228129956711127e+00 2.399005017857411204e+01 1.443072642912616388e+01 4.671378121600633371e+00
1.695000000000000062e+00 1.197460126559938276e+00 2.428139994881315644e+01 1.461297833280618086e+01 4.827936093913507420e+00
1.705000000000000071e+00 1.199700119798254416e+00 2.457486940732925618e+01 1.479660520447626482e+01 4.968375161888063829e+00
1.715000000000000080e+00 1.201948019921588173e+00 2.487046468977246860e+01 1.498162069935565732e+01 5.090083154434387858e+00
1.725000000000000089e+00 1.204203736881238829e+00 2.516817057892905751e+01 1.516802878805942534e+01 5.191095131874557289e+00
1.735000000000000098e+00 1.206467180331836975e+00 2.546797058557410054e+01 1.535583227979940624e+01 5.270269683073592226e+00
1.745000000000000107e+00 1.208738259633664436e+00 2.576984640555540906e+01 1.554502973186239245e+01 5.327329009712774344e+00
1.755000000000000115e+00 1.211016883855332349e+00 2.607377970347085139e+01 1.573561685009876854e+01 5.362868608562274986e+00
1.765000000000000124e+00 1.213302961776821398e+00 2.637979321382663755e+01 1.592759644278049791e+01 5.378238447692786472e+00
1.775000000000000133e+00 1.215596401892885980e+00 2.668780886076443437e+01 1.612094711790540202e+01 5.375859137860823367e+00
1.785000000000000142e+00 1.217897112416823635e+00 2.699785031722614193e+01 1.631566824252197989e+01 5.358585198647582537e+00
1.794999999999999929e+00 1.220205001284612623e+00 2.730991716292480476e+01 1.651175361508466111e+01 5.329951465607781991e+00
1.804999999999999938e+00 1.222519976159418986e+00 2.762401374853554614e+01 1.670919699330785946e+01 5.293948703539962608e+00
1.814999999999999947e+00 1.224841944436477315e+00 2.794015096565447109e+01 1.690799491521453035e+01 5.254876241719088625e+00
1.824999999999999956e+00 1.227170813248343206e+00 2.825834471220331778e+01 1.710814563588354531e+01 5.217181731357873886e+00
1.834999999999999964e+00 1.229506489470522324e+00 2.857861576066098408e+01 1.730965068592475120e+01 5.185291628413042808e+00
1.844999999999999973e+00 1.231848879727479362e+00 2.890099384736513954e+01 1.751251379360676808e+01 5.163473255137257745e+00
1.854999999999999982e+00 1.234197890399023168e+00 2.922549225436104692e+01 1.771674048924895573e+01 5.155604183356670589e+00
1.864999999999999991e+00 1.236553427627077095e+00 2.955214226600540428e+01 1.792233982816282634e+01 5.165124453989156095e+00
1.875000000000000000e+00 1.238915397322829737e+00 2.988096906407064068e+01 1.812932276372389140e+01 5.194859333985403005e+00
1.885000000000000009e+00 1.241283705174272667e+00 3.021199488109014553e+01 1.833770080661987123e+01 5.246925302303730554e+00
1.895000000000000018e+00 1.243658256654124994e+00 3.054523848693800048e+01 1.854748621934444230e+01 5.322652951715300951e+00
1.905000000000000027e+00 1.246038957028144711e+00 3.088071495637084141e+01 1.875869232736573977e+01 5.422550791449546104e+00
1.915000000000000036e+00 1.248425711363831514e+00 3.121843474348348124e+01 1.897133178399790765e+01 5.546271811423599374e+00
1.925000000000000044e+00 1.250818424539521745e+00 3.155841116467205509e+01 1.918541526037231648e+01 5.692591253264384754e+00
1.935000000000000053e+00 1.253217001253874363e+00 3.190062980205020793e+01 1.940095242381366347e+01 5.859633493192223597e+00
1.945000000000000062e+00 1.255621346035752151e+00 3.224509370068278713e+01 1.961795079485053961e+01 6.044684506804294699e+00
1.955000000000000071e+00 1.258031363254499713e+00 3.259179598409262724e+01 1.983641616896538551e+01 6.244452412532284669e+00
1.965000000000000080e+00 1.260446957130616275e+00 3.294072710207088761e+01 2.005635161684622858e+01 6.455149720231582400e+00
1.975000000000000089e+00 1.262868031746829489e+00 3.329187647135054107e+01 2.027775862955427399e+01 6.672640344220279296e+00
1.985000000000000098e+00 1.265294491059563597e+00 3.364523267031337639e+01 2.050063560058597290e+01 6.892577786159204578e+00
1.995000000000000107e+00 1.267726238910813485e+00 3.400078656273470301e+01 2.072498158841306548e+01 7.110579546869539413e+00
2.004999999999999893e+00 1.270163179040415979e+00 3.435852948965991516e+01 2.095079178292600730e+01 7.322370366143167608e+00
2.015000000000000124e+00 1.272605215098723486e+00 3.471845739364648153e+01 2.117806340986167157e+01 7.523942510372819470e+00
2.024999999999999911e+00 1.275052250659680864e+00 3.508056869546616241e+01 2.140679227149279384e+01 7.711702662814508891e+00
2.035000000000000142e+00 1.277504189234306420e+00 3.544487421543009020e+01 2.163697405202447754e+01 7.882670534939947515e+00
2.044999999999999929e+00 1.279960934284574359e+00 3.581136646248539535e+01 2.186860786442038673e+01 8.034293147192745010e+00
2.055000000000000160e+00 1.282422389237703575e+00 3.618006220755769675e+01 2.210169193412718158e+01 8.164951397594219173e+00
2.064999999999999947e+00 1.284888457500850345e+00 3.655097500045874170e+01 2.233622639269695043e+01 8.273750695250043918e+00
2.075000000000000178e+00 1.287359042476205584e+00 3.692412164548093756e+01 2.257221404892253247e+01 8.360607314078778884e+00
2.084999999999999964e+00 1.289834047576496001e+00 3.729951987335591923e+01 2.280965850449648258e+01 8.426259596396835860e+00
2.095000000000000195e+00 1.292313376240894485e+00 3.767718265781576292e+01 2.304856229421205427e+01 8.472274149741625848e+00
2.104999999999999982e+00 1.294796931951329721e+00 3.805713951829794439e+01 2.328893900820786200e+01 8.500832334431475346e+00
2.115000000000000213e+00 1.297284618249205046e+00 3.843940237207323918e+01 2.353079296749514526e+01 8.514878272596488884e+00
2.125000000000000000e+00 1.299776338752518745e+00 3.882398796203788294e+01 2.377413466394888530e+01 8.517864348038548528e+00
2.135000000000000231e+00 1.302271997173391371e+00 3.921090877335592495e+01 2.401897301601637835e+01 8.513671527825426466e+00
2.145000000000000018e+00 1.304771497335994956e+00 3.960017505374261759e+01 2.426531761042021884e+01 8.506470219381700559e+00
2.155000000000000249e+00 1.307274743194883682e+00 3.999178791244838749e+01 2.451317339982644228e+01 8.500497303329112242e+00
2.165000000000000036e+00 1.309781638853730668e+00 4.038575963232049304e+01 2.476255532167804319e+01 8.500176708724561436e+00
2.175000000000000266e+00 1.312292088584462002e+00 4.078208553755305132e+01 2.501346604685533137e+01 8.509594664305966560e+00
2.185000000000000053e+00 1.314805996846795111e+00 4.118076369143161486e+01 2.526591190656913710e+01 8.532595468541698480e+00
2.194999999999999840e+00 1.317323268308171258e+00 4.158178865783398948e+01 2.551989636307646236e+01 8.572580447936395842e+00
2.205000000000000071e+00 1.319843807864092611e+00 4.198514965198010174e+01 2.577542028792749207e+01 8.632436955039093363e+00
2.214999999999999858e+00 1.322367520658849438e+00 4.239084894253750235e+01 2.603248742558303519e+01 8.714305587134484554e+00
2.225000000000000089e+00 1.324894312106648098e+00 4.279887518604730445e+01 2.629109564110240882e+01 8.819694500506191304e+00
2.234999999999999876e+00 1.327424087913126938e+00 4.320922329468015732e+01 2.655124392623519824e+01 8.949312911827176364e+00
2.245000000000000107e+00 1.329956754097271210e+00 4.362188908848247593e+01 2.681293050072020279e+01 9.103071088463311256e+00
2.254999999999999893e+00 1.332492217013710345e+00 4.403687114295298244e+01 2.707615283313289467e+01 9.280101030495822911e+00
2.265000000000000124e+00 1.335030383375409135e+00 4.445417020324928359e+01 2.734090896264780923e+01 9.478770376397436692e+00
2.274999999999999911e+00 1.337571160276742388e+00 4.487378951305702657e+01 2.760719654271868251e+01 9.696760316812166991e+00
2.285000000000000142e+00 1.340114455216953049e+00 4.529573627310616502e+01 2.787501538129805567e+01 9.931136180625500742e+00
2.294999999999999929e+00 1.342660176123993576e+00 4.572001874227967022e+01 2.814436474746698025e+01 1.017845539036029834e+01
2.305000000000000160e+00 1.345208231378743458e+00 4.614662681852389170e+01 2.841524318144085726e+01 1.043487328205806008e+01
2.314999999999999947e+00 1.347758529839606201e+00 4.657561214745895484e+01 2.868765848436670751e+01 1.069633020874171336e+01
2.325000000000000178e+00 1.350310980867478472e+00 4.700697040213924538e+01 2.896161152547247752e+01 1.095860202948813722e+01
2.334999999999999964e+00 1.352865494351088493e+00 4.744071617697294840e+01 2.923710799917404657e+01 1.121750850658748355e+01
2.345000000000000195e+00 1.355421980732705700e+00 4.787686193075114005e+01 2.951415203597224490e+01 1.146904286402935824e+01
2.354999999999999982e+00 1.357980351034212774e+00 4.831540680930945797e+01 2.979274862396843204e+01 1.170950113997137798e+01
2.365000000000000213e+00 1.360540516883539608e+00 4.875638714121069484e+01 3.007290926422555799e+01 1.193558878751034946e+01
2.375000000000000000e+00 1.363102390541456321e+00 4.919979983683483482e+01 3.035463787128121993e+01 1.214457576640552894e+01
2.385000000000000231e+00 1.365665884928720875e+00 4.964565193703806756e+01 3.063794221149024821e+01 1.233435440049065157e+01
2.395000000000000018e+00 1.368230913653576408e+00 5.009394436652715399e+01 3.092282854312224316e+01 1.250354263287484002e+01
2.405000000000000249e+00 1.370797391039600077e+00 5.054468538659354238e+01 3.120930249079376040e+01 1.265142517107942055e+01
2.415000000000000036e+00 1.373365232153893167e+00 5.099787123992751958e+01 3.149736841753259498e+01 1.277812513113829063e+01
2.425000000000000266e+00 1.375934352835608943e+00 5.145350004044417602e+01 3.178703060781142398e+01 1.288450033485160162e+01
2.435000000000000053e+00 1.378504669724822440e+00 5.191156887772473993e+01 3.207829148541270570e+01 1.297213724787247457e+01
2.444999999999999840e+00 1.381076100291728892e+00 5.237207243453426031e+01 3.237115242920152269e+01 1.304329510212640919e+01
2.455000000000000071e+00 1.383648562866170106e+00 5.283500751654815275e+01 3.266561496985809754e+01 1.310082323913024638e+01
2.464999999999999858e+00 1.386221976667483702e+00 5.330036226282130940e+01 3.296167807608803457e+01 1.314798090628570826e+01
2.475000000000000089e+00 1.388796261834676082e+00 5.376814595172911737e+01 3.325934125831113874e+01 1.318865861228306180e+01
2.484999999999999876e+00 1.391371339456903167e+00 5.423835075415291129e+01 3.355860278236265515e+01 1.322676978721048791e+01
2.495000000000000107e+00 1.393947131604270639e+00 5.471097636209884030e+01 3.385946167600047829e+01 1.326642268921833434e+01
2.504999999999999893e+00 1.396523561358930632e+00 5.518602442057972723e+01 3.416191652955224356e+01 1.331170944936288159e+01
2.515000000000000124e+00 1.399100552846486600e+00 5.566349888094108422e+01 3.446596689856878015e+01 1.336657452138623370e+01
2.524999999999999911e+00 1.401678031267691527e+00 5.614340453047525159e+01 3.477161171460986111e+01 1.343468010769426790e+01
2.535000000000000142e+00 1.404255922930439437e+00 5.662574480730445714e+01 3.507885285197529868e+01 1.351935467355675513e+01
2.544999999999999929e+00 1.406834155282040921e+00 5.711053653263333985e+01 3.538768961179918904e+01 1.362322778245083832e+01
2.555000000000000160e+00 1.409412656941783526e+00 5.759778477991253709e+01 3.569812564205821559e+01 1.374852085366386945e+01
2.564999999999999947e+00 1.411991357733769048e+00 5.808750099948267120e+01 3.601016370474806649e+01 1.389671612265378187e+01
2.575000000000000178e+00 1.414570188720020605e+00 5.857969519838023587e+01 3.632380716849917235e+01 1.406860356284095559e+01
2.584999999999999964e+00 1.417149082233858159e+00 5.907437690744062309e+01 3.663906140531816646e+01 1.426423455885483627e+01
2.595000000000000195e+00 1.419727971913536280e+00 5.957155572209227756e+01 3.695593106773125669e+01 1.448291925627757415e+01
2.604999999999999982e+00 1.422306792736138581e+00 6.007123945769519224e+01 3.727442024142317223e+01 1.472327910105664373e+01
2.615000000000000213e+00 1.424885481051721747e+00 6.057343466397694698e+01 3.759453675380466109e+01 1.498325288942196920e+01
2.625000000000000000e+00 1.427463974617710019e+00 6.107814515778539999e+01 3.791628298423340482e+01 1.526022160139924111e+01
2.635000000000000231e+00 1.430042212633526821e+00 6.158537493326836199e+01 3.823966576223038771e+01 1.555104583056637679e+01
2.645000000000000018e+00 1.432620135775467096e+00 6.209512486189051117e+01 3.856468890934844751e+01 1.585220310090330642e+01
2.655000000000000249e+00 1.435197686231796554e+00 6.260741457549461586e+01 3.889136288465546443e+01 1.615999157730090374e+01
2.665000000000000036e+00 1.437774807738079197e+00 6.312220567890015133e+01 3.921967682510780406e+01 1.647028613383907114e+01
2.675000000000000266e+00 1.440351445612727099e+00 6.363951082727782449e+01 3.954963836223198115e+01 1.677917007619426926e+01
2.685000000000000053e+00 1.442927546792763360e+00 6.415933064964796984e+01 3.988125030062306564e+01 1.708283441757686205e+01
2.694999999999999840e+00 1.445503059869796658e+00 6.468165874061158149e+01 4.021451194283510233e+01 1.737761695917075144e+01
2.705000000000000071e+00 1.448077935126202975e+00 6.520651859206057566e+01 4.054942600995529745e+01 1.765999314605963022e+01
2.714999999999999858e+00 1.450652124571508272e+00 6.573387228896002910e+01 4.088600588801487845e+01 1.792749080623345748e+01
2.725000000000000089e+00 1.453225581978965009e+00 6.626371549887382173e+01 4.122421557993112629e+01 1.817790925487375375e+01
2.734999999999999876e+00 1.455798262922322506e+00 6.679609845544302971e+01 4.156407472587279273e+01 1.840949498605910861e+01
2.745000000000000107e+00 1.458370124812782276e+00 6.733094687798136135e+01 4.190559429523268165e+01 1.862110153658554523e+01
