% raindrop T-matrix calculations using the code of Leinonen, J., "Python code for T-matrix scattering calculations". Available at https://github.com/jleinonen/pytmatrix/. 
% 
% refractive index calculations after Turner et al. (2005): An Improved Liquid Water Absorption Model at Microwave Frequencies for Supercooled Liquid Water Clouds  
% 
% raindrop aspect ratio estimated with the methodology of Brandes, Edward & Zhang, Guifu & Vivekanandan, Jothiram. (2005). Corrigendum. Journal of Applied Meteorology. 44. 186-. 10.1175/1520-0450(2005)44<186:C>2.0.CO;2. 
% 
% wave length: 1.498962 mm 
% temperature: 293.15 K 
% refractive index: 2.748199335654412767e+00 + 1.251494434573724668e+00 i 
% 
%r_eqv[mm]               axial ratio              ext[mm2]                 sca[mm2]                 back[mm2]
5.000000000000000104e-03 9.999900000999989436e-01 1.224293082968695859e-06 2.626430313412836141e-11 3.938425750909507966e-11
1.499999999999999944e-02 9.999900000999989436e-01 3.334763018478245438e-05 1.920315011024245789e-08 2.872461980023696941e-08
2.500000000000000139e-02 9.999900000999989436e-01 1.572449705463924543e-04 4.139780121228997625e-07 6.161893100249416254e-07
3.500000000000000333e-02 9.999900000999989436e-01 4.439721845909213216e-04 3.143695002996456277e-06 4.644843225257320535e-06
4.499999999999999833e-02 9.999900000999989436e-01 9.812938115684496487e-04 1.435914143640036139e-05 2.100887427194991959e-05
5.500000000000000028e-02 9.999900000999989436e-01 1.883420138116008880e-03 4.851885876316761108e-05 7.012800845644024989e-05
6.500000000000000222e-02 9.999900000999989436e-01 3.303177274668957740e-03 1.342991818588289360e-04 1.913104975549730622e-04
7.499999999999999722e-02 9.999900000999989436e-01 5.447031111019950793e-03 3.226213621052092476e-04 4.518958704232471060e-04
8.500000000000000611e-02 9.999900000999989436e-01 8.593215688952290585e-03 6.971239212114849291e-04 9.579700927139553736e-04
9.500000000000000111e-02 9.999900000999989436e-01 1.311276127504897721e-02 1.387304242083687526e-03 1.866190774231627370e-03
1.049999999999999961e-01 9.999900000999989436e-01 1.949226826776553900e-02 2.584241370014650572e-03 3.395831141024635309e-03
1.150000000000000050e-01 9.999900000999989436e-01 2.835554801094648802e-02 4.558145630437757979e-03 5.839501298860716970e-03
1.250000000000000000e-01 9.999900000999989436e-01 4.047838304135578658e-02 7.675750255075986656e-03 9.570092836019030574e-03
1.350000000000000089e-01 9.999900000999989436e-01 5.678660478874113932e-02 1.241358444062074830e-02 1.504037460257810765e-02
1.449999999999999900e-01 9.999900000999989436e-01 7.832293105042684167e-02 1.936035516621369829e-02 2.277038571176816240e-02
1.549999999999999989e-01 9.999900000999989436e-01 1.061646992020302688e-01 2.919851292764586576e-02 3.331657382698368502e-02
1.650000000000000078e-01 9.999900000999989436e-01 1.412775680017346047e-01 4.265296505538471172e-02 4.721567444537234232e-02
1.750000000000000167e-01 9.999900000999989436e-01 1.843056179646749282e-01 6.039688704514226125e-02 6.489657588870549609e-02
1.849999999999999978e-01 9.999900000999989436e-01 2.353302392894053297e-01 8.291459244249610450e-02 8.655728798379792865e-02
1.950000000000000067e-01 1.000344839311130496e+00 2.937116022747968680e-01 1.103694730990853051e-01 1.120647189385628045e-01
2.050000000000000155e-01 1.000376259251188893e+00 3.578770938568024418e-01 1.423675094816126696e-01 1.406419379722935181e-01
2.149999999999999967e-01 1.000431836433301802e+00 4.256845331364720875e-01 1.780470774887001617e-01 1.710447146486469838e-01
2.250000000000000056e-01 1.000511344221778787e+00 4.946349430952750037e-01 2.160731991989981449e-01 2.014813602912053081e-01
2.350000000000000144e-01 1.000614560248383578e+00 5.623540031015572538e-01 2.548707932015607525e-01 2.298772051126938831e-01
2.449999999999999956e-01 1.000741266305821942e+00 6.269956433296717258e-01 2.929061790641003249e-01 2.541965014411376456e-01
2.550000000000000044e-01 1.000891248244015541e+00 6.874866230723614136e-01 3.289460032741642892e-01 2.727399461185683882e-01
2.650000000000000133e-01 1.001064295869075416e+00 7.435756774368201816e-01 3.622208005874701930e-01 2.843189377084950342e-01
2.750000000000000222e-01 1.001260202844886926e+00 7.957238171349519940e-01 3.924694908415327088e-01 2.882807334835584823e-01
2.850000000000000311e-01 1.001478766597222014e+00 8.449072431716938558e-01 4.198864903305206120e-01 2.844302437632288405e-01
2.949999999999999845e-01 1.001719788220298835e+00 8.924030377464943209e-01 4.450149143079953351e-01 2.729263955640798822e-01
3.049999999999999933e-01 1.001983072385710605e+00 9.396018526776955815e-01 4.686246271234381089e-01 2.542175572412522233e-01
3.150000000000000022e-01 1.002268427253648841e+00 9.878652122686503168e-01 4.916000321592787214e-01 2.290474568158632762e-01
3.250000000000000111e-01 1.002575664386349930e+00 1.038422141150423972e+00 5.148455358142443039e-01 1.985234061057089827e-01
3.350000000000000200e-01 1.002904598663692415e+00 1.092291118651729454e+00 5.392076050306522372e-01 1.642082637026898162e-01
3.450000000000000289e-01 1.003255048200880628e+00 1.150213652813522280e+00 5.654091813945737455e-01 1.281810208777118265e-01
3.549999999999999822e-01 1.003626834268148693e+00 1.212595847510182789e+00 5.939941706976580305e-01 9.300924808141926292e-02
3.649999999999999911e-01 1.004019781212422524e+00 1.279468474159460190e+00 6.252862234982786704e-01 6.159800405567512210e-02
3.750000000000000000e-01 1.004433716380879638e+00 1.350483550130352928e+00 6.593683392431579637e-01 3.691366213855817174e-02
3.850000000000000089e-01 1.004868470046347273e+00 1.424966447823539317e+00 6.960933833508512469e-01 2.163105758132188167e-02
3.950000000000000178e-01 1.005323875334485528e+00 1.502025493421159874e+00 7.351280119079712794e-01 1.778637752760141647e-02
4.050000000000000266e-01 1.005799768152698448e+00 1.580699296150893662e+00 7.760226135208598830e-01 2.652495253095219982e-02
4.150000000000000355e-01 1.006295987120720881e+00 1.660108345425916010e+00 8.182931703483188324e-01 4.800233703082000536e-02
4.249999999999999889e-01 1.006812373502834479e+00 1.739573353403098377e+00 8.614943592571294717e-01 8.144141316002048714e-02
4.349999999999999978e-01 1.007348771141657329e+00 1.818680001975486293e+00 9.052716149933701661e-01 1.253009904219438142e-01
4.450000000000000067e-01 1.007905026393466796e+00 1.897286630992477630e+00 9.493850289703905654e-01 1.774907738836237481e-01
4.550000000000000155e-01 1.008480988065006079e+00 1.975490100361736889e+00 9.937105802598656945e-01 2.355763806092148194e-01
4.650000000000000244e-01 1.009076507351731156e+00 2.053567125140343563e+00 1.038224506117535917e+00 2.969444981825490326e-01
4.750000000000000333e-01 1.009691437777457068e+00 2.131910469298280209e+00 1.082981384623673549e+00 3.589254372871503729e-01
4.849999999999999867e-01 1.010325635135361333e+00 2.210969567547624859e+00 1.128090728623346584e+00 4.188841413426080407e-01
4.949999999999999956e-01 1.010978957430304748e+00 2.291201614950451493e+00 1.173696379249589583e+00 4.742980622383765610e-01
5.050000000000000044e-01 1.011651264822433394e+00 2.373034338633226881e+00 1.219960219602249207e+00 5.228355234907432481e-01
5.150000000000000133e-01 1.012342419572020980e+00 2.456838933822688364e+00 1.267049287102426813e+00 5.624426736185003106e-01
5.250000000000000222e-01 1.013052285985520662e+00 2.542911587049867528e+00 1.315125116699145780e+00 5.914354490346768189e-01
5.350000000000000311e-01 1.013780730362787486e+00 2.631463127140371672e+00 1.364336488792480706e+00 6.085950416194951806e-01
5.450000000000000400e-01 1.014527620945441466e+00 2.722614382746066930e+00 1.414811991155895399e+00 6.132509615344909903e-01
5.550000000000000488e-01 1.015292827866336012e+00 2.816397688004375066e+00 1.466654888491653930e+00 6.053457942687028304e-01
5.650000000000000577e-01 1.016076223100103704e+00 2.912763080627387424e+00 1.519938542951081661e+00 5.854700245734559827e-01
5.750000000000000666e-01 1.016877680414747243e+00 3.011588401010932614e+00 1.574703133994152404e+00 5.548586353345784650e-01
5.849999999999999645e-01 1.017697075324246692e+00 3.112693987833363707e+00 1.630955033582508706e+00 5.153506838874063467e-01
5.949999999999999734e-01 1.018534285042156151e+00 3.215858212079891754e+00 1.688666384958071864e+00 4.693069267244113774e-01
6.049999999999999822e-01 1.019389188436160998e+00 3.320835829132726236e+00 1.747778325460380699e+00 4.194961579213327130e-01
6.149999999999999911e-01 1.020261665983570154e+00 3.427376246059193221e+00 1.808205563919016212e+00 3.689534022546885894e-01
6.250000000000000000e-01 1.021151599727719406e+00 3.535240932892842469e+00 1.869842224978565781e+00 3.208204003405892291e-01
6.350000000000000089e-01 1.022058873235258902e+00 3.644220116812162846e+00 1.932570770308969399e+00 2.781825309974333416e-01
6.450000000000000178e-01 1.022983371554301524e+00 3.754145045588841878e+00 1.996269255674119503e+00 2.439066323402017955e-01
6.550000000000000266e-01 1.023924981173411908e+00 3.864898804075609373e+00 2.060821271618307193e+00 2.204954282492338491e-01
6.650000000000000355e-01 1.024883589981409493e+00 3.976421825594913528e+00 2.126123856041636895e+00 2.099612176964344434e-01
6.750000000000000444e-01 1.025859087227968924e+00 4.088713204784011346e+00 2.192093932045558358e+00 2.137263677100036674e-01
6.850000000000000533e-01 1.026851363484993174e+00 4.201828595210765904e+00 2.258674555386582572e+00 2.325535429287488853e-01
6.950000000000000622e-01 1.027860310608740946e+00 4.315873472881642137e+00 2.325837615360833777e+00 2.665049042458760287e-01
7.049999999999999600e-01 1.028885821702690384e+00 4.430993118672259534e+00 2.393584805875136556e+00 3.149327360388035624e-01
7.149999999999999689e-01 1.029927791081118427e+00 4.547361152138590157e+00 2.461947211184524864e+00 3.764983697838938936e-01
7.249999999999999778e-01 1.030986114233377604e+00 4.665164771565252444e+00 2.530981206234796055e+00 4.492206625996447156e-01
7.349999999999999867e-01 1.032060687788854958e+00 4.784590748523008585e+00 2.600764069043955740e+00 5.305517909155293976e-01
7.449999999999999956e-01 1.033151409482594651e+00 4.905811299295080197e+00 2.671387149121496662e+00 6.174814016681692275e-01
7.550000000000000044e-01 1.034258178121568061e+00 5.028970430548616477e+00 2.742949062235405577e+00 7.066643414817169733e-01
7.650000000000000133e-01 1.035380893551575587e+00 5.154174582594813536e+00 2.815547009778333276e+00 7.945742300526194013e-01
7.750000000000000222e-01 1.036519456624765523e+00 5.281485448645663716e+00 2.889270939288909545e+00 8.776727006209829041e-01
7.850000000000000311e-01 1.037673769167756666e+00 5.410915582742841679e+00 2.964195003258027761e+00 9.525883570990980598e-01
7.950000000000000400e-01 1.038843733950345127e+00 5.542430412503592585e+00 3.040374295637691571e+00 1.016298142473139210e+00
8.050000000000000488e-01 1.040029254654790458e+00 5.675951651461329739e+00 3.117839589061894401e+00 1.066295616479538078e+00
8.150000000000000577e-01 1.041230235845658436e+00 5.811367063836351043e+00 3.196597584485763921e+00 1.100737014630698063e+00
8.250000000000000666e-01 1.042446582940215416e+00 5.948540533673835284e+00 3.276630529089130661e+00 1.118552126438359551e+00
8.349999999999999645e-01 1.043678202179357140e+00 6.087325681165475011e+00 3.357899965859177271e+00 1.119513425446885035e+00
8.449999999999999734e-01 1.044925000599063569e+00 6.227578705821330551e+00 3.440350700821224184e+00 1.104255956087127011e+00
8.549999999999999822e-01 1.046186886002363758e+00 6.369171358457731635e+00 3.523917078284981574e+00 1.074248589130912146e+00
8.649999999999999911e-01 1.047463766931806317e+00 6.512000770487837542e+00 3.608528767420078776e+00 1.031720292534832328e+00
8.750000000000000000e-01 1.048755552642418598e+00 6.655997343709006309e+00 3.694117065700189162e+00 9.795459645607530463e-01
8.850000000000000089e-01 1.050062153075147497e+00 6.801129043394572804e+00 3.780620659718895826e+00 9.211015180315941242e-01
8.950000000000000178e-01 1.051383478830772988e+00 6.947403908266268857e+00 3.867991070020778466e+00 8.600979539175808153e-01
9.050000000000000266e-01 1.052719441144281065e+00 7.094863389796034703e+00 3.956194970666805588e+00 8.004010759207710324e-01
9.150000000000000355e-01 1.054069951859691656e+00 7.243582741840439709e+00 4.045216753806625931e+00 7.458524043365140077e-01
9.250000000000000444e-01 1.055434923405329073e+00 7.393660225164754074e+00 4.135058605740105975e+00 7.000899437057732655e-01
9.350000000000000533e-01 1.056814268769528553e+00 7.545209299580821316e+00 4.225739651633283245e+00 6.663826579247803528e-01
9.450000000000000622e-01 1.058207901476769797e+00 7.698349553309952853e+00 4.317294218290140151e+00 6.474799834458722092e-01
9.550000000000000711e-01 1.059615735564230832e+00 7.853197165861540263e+00 4.409768327553583944e+00 6.454856793989324215e-01
9.649999999999999689e-01 1.061037685558753330e+00 8.009855975491745994e+00 4.503215231149664710e+00 6.617554921817304647e-01
9.749999999999999778e-01 1.062473666454213594e+00 8.168410724533776701e+00 4.597692189396481055e+00 6.968303661971678720e-01
9.849999999999999867e-01 1.063923593689290348e+00 8.328921918025256943e+00 4.693255790049605025e+00 7.504020901827080925e-01
9.949999999999999956e-01 1.065387383125626419e+00 8.491421734948774613e+00 4.789957438390872291e+00 8.213179156828648297e-01
1.005000000000000115e+00 1.066864951026373021e+00 8.655913643984190387e+00 4.887840232623697823e+00 9.076259974292806287e-01
1.015000000000000124e+00 1.068356214035114826e+00 8.822374447074217585e+00 4.986936938794554131e+00 1.006657903187670344e+00
1.024999999999999911e+00 1.069861089155168976e+00 8.990756778332205101e+00 5.087267566293991017e+00 1.115149546906583300e+00
1.034999999999999920e+00 1.071379493729249344e+00 9.160993966598384830e+00 5.188837836548077398e+00 1.229390342863833752e+00
1.044999999999999929e+00 1.072911345419497398e+00 9.333008272489102808e+00 5.291641328511756726e+00 1.345395216206737743e+00
1.054999999999999938e+00 1.074456562187866782e+00 9.506715067932740126e+00 5.395659793008040772e+00 1.459099222611077717e+00
1.064999999999999947e+00 1.076015062276864054e+00 9.682033607365594818e+00 5.500865967141398194e+00 1.566538048754835044e+00
1.074999999999999956e+00 1.077586764190635593e+00 9.858890775609490120e+00 5.607225302323609384e+00 1.664040067747848850e+00
1.084999999999999964e+00 1.079171586676399119e+00 1.003722842972035423e+01 5.714700653194404012e+00 1.748394670282238605e+00
1.094999999999999973e+00 1.080769448706216718e+00 1.021700635158707726e+01 5.823254123088393186e+00 1.816999177850745273e+00
1.104999999999999982e+00 1.082380269459101152e+00 1.039820574713573009e+01 5.932850970530799906e+00 1.867972778140650325e+00
1.114999999999999991e+00 1.084003968303457022e+00 1.058082978664696405e+01 6.043462460611989329e+00 1.900240381833141701e+00
1.125000000000000000e+00 1.085640464779849657e+00 1.076490259426184792e+01 6.155067456222806044e+00 1.913577316422980790e+00
1.135000000000000009e+00 1.087289678584100638e+00 1.095046653056621899e+01 6.267653670512647324e+00 1.908615171730454252e+00
1.145000000000000018e+00 1.088951529550704622e+00 1.113757952459548406e+01 6.381219736540582943e+00 1.886815167304017660e+00
1.155000000000000027e+00 1.090625937636568565e+00 1.132630687673001191e+01 6.495772510730594362e+00 1.850391307653298956e+00
1.165000000000000036e+00 1.092312822905064262e+00 1.151672503954233129e+01 6.611330243379693883e+00 1.802254080502736944e+00
1.175000000000000044e+00 1.094012105510399513e+00 1.170890509151476522e+01 6.727917182161863963e+00 1.745833835309008819e+00
1.185000000000000053e+00 1.095723705682299487e+00 1.190291459786132755e+01 6.845563740606888103e+00 1.684967039315996562e+00
1.195000000000000062e+00 1.097447543710998508e+00 1.209881088065740862e+01 6.964303540955265603e+00 1.623723871593234946e+00
1.205000000000000071e+00 1.099183539932540254e+00 1.229663920277121925e+01 7.084172294040719464e+00 1.566235669640270833e+00
1.215000000000000080e+00 1.100931614714385054e+00 1.249642859657613414e+01 7.205203701097569358e+00 1.516513361557661366e+00
1.225000000000000089e+00 1.102691688441321372e+00 1.269818932641311271e+01 7.327427703492407574e+00 1.478280865763998753e+00
1.235000000000000098e+00 1.104463681501680172e+00 1.290192088155992423e+01 7.450870026096799492e+00 1.454788447440519494e+00
1.245000000000000107e+00 1.106247514273852595e+00 1.310760309902940257e+01 7.575549629907456506e+00 1.448700745502006004e+00
1.255000000000000115e+00 1.108043107113107384e+00 1.331520410345063254e+01 7.701477313647670186e+00 1.461957249424554739e+00
1.265000000000000124e+00 1.109850380338708309e+00 1.352468271028204860e+01 7.828656458908682225e+00 1.495691669519749745e+00
1.275000000000000133e+00 1.111669254221331116e+00 1.373599271017840273e+01 7.957083349953817830e+00 1.550181540701355276e+00
1.284999999999999920e+00 1.113499648970778022e+00 1.394908677303094002e+01 8.086747838276791001e+00 1.624833874693943248e+00
1.294999999999999929e+00 1.115341484723989307e+00 1.416391982166708274e+01 8.217634194645480505e+00 1.718214589819149429e+00
1.304999999999999938e+00 1.117194681533353773e+00 1.438045388311567052e+01 8.349723740816024531e+00 1.828109005990710578e+00
1.314999999999999947e+00 1.119059159355313193e+00 1.459866032897731358e+01 8.482996063375210838e+00 1.951620729936893062e+00
1.324999999999999956e+00 1.120934838039265857e+00 1.481851903654439973e+01 8.617430578452990986e+00 2.085299248115017878e+00
1.334999999999999964e+00 1.122821637316764765e+00 1.504003112567700207e+01 8.753008740823418066e+00 2.225278758108527377e+00
1.344999999999999973e+00 1.124719476791012696e+00 1.526320356344830920e+01 8.889715967271175856e+00 2.367453888753561220e+00
1.354999999999999982e+00 1.126628275926654377e+00 1.548805788814943085e+01 9.027542298018296663e+00 2.507646468525193129e+00
1.364999999999999991e+00 1.128547954039863965e+00 1.571462583071725128e+01 9.166482620607535381e+00 2.641779737256371607e+00
1.375000000000000000e+00 1.130478430288730518e+00 1.594294807403533021e+01 9.306538658225612437e+00 2.766048405495757034e+00
1.385000000000000009e+00 1.132419623663941444e+00 1.617307065864491378e+01 9.447717611960221973e+00 2.877073258518357157e+00
1.395000000000000018e+00 1.134371452979762385e+00 1.640504172359552371e+01 9.590031820204309554e+00 2.972040360711697637e+00
1.405000000000000027e+00 1.136333836865317526e+00 1.663890858698545472e+01 9.733498505547959923e+00 3.048815210117590269e+00
1.415000000000000036e+00 1.138306693756168331e+00 1.687471522876423435e+01 9.878138280199767252e+00 3.106033708010970784e+00
1.425000000000000044e+00 1.140289941886192482e+00 1.711249870249874050e+01 1.002397379772429709e+01 3.143153881328638377e+00
1.435000000000000053e+00 1.142283499279765024e+00 1.735228741801812546e+01 1.017102781891534491e+01 3.160480834849953347e+00
1.445000000000000062e+00 1.144287283744239936e+00 1.759410077535243744e+01 1.031932333077280006e+01 3.159156521398872819e+00
1.455000000000000071e+00 1.146301212862736563e+00 1.783793959046349187e+01 1.046888006623806788e+01 3.141080424975509544e+00
1.465000000000000080e+00 1.148325203987230259e+00 1.808381592477518396e+01 1.061971573611728736e+01 3.108956160015163839e+00
1.475000000000000089e+00 1.150359174231948334e+00 1.833171281079098236e+01 1.077184328605278907e+01 3.066006766911385739e+00
1.485000000000000098e+00 1.152403040467071982e+00 1.858161206789063868e+01 1.092527153202080825e+01 3.015954996756482931e+00
1.495000000000000107e+00 1.154456719312749513e+00 1.883348975021897331e+01 1.108000421027826476e+01 2.962842814760243026e+00
1.505000000000000115e+00 1.156520127133416675e+00 1.908731888546000732e+01 1.123604095642327216e+01 2.910873377298948572e+00
1.515000000000000124e+00 1.158593180032429393e+00 1.934307161048208101e+01 1.139337688332882692e+01 2.864228576449816988e+00
1.525000000000000133e+00 1.160675793847010029e+00 1.960072276948668346e+01 1.155200474157707546e+01 2.826914688530676401e+00
1.535000000000000142e+00 1.162767884143507846e+00 1.986025038530024744e+01 1.171191414256314900e+01 2.802586748958485696e+00
1.544999999999999929e+00 1.164869366212974766e+00 2.012163932461915650e+01 1.187309437256251954e+01 2.794415550696980777e+00
1.554999999999999938e+00 1.166980155067061542e+00 2.038488115534142153e+01 1.203553378219139347e+01 2.804955078652675571e+00
1.564999999999999947e+00 1.169100165434231231e+00 2.064996937883959305e+01 1.219922309638783986e+01 2.836066589027529172e+00
1.574999999999999956e+00 1.171229311756297298e+00 2.091692394715406422e+01 1.236415319599346851e+01 2.888764371437293921e+00
1.584999999999999964e+00 1.173367508185281460e+00 2.118575528376621619e+01 1.253031915529353668e+01 2.963305056407897098e+00
1.594999999999999973e+00 1.175514668580601496e+00 2.145648624767541435e+01 1.269771918185839965e+01 3.059093440557792309e+00
1.604999999999999982e+00 1.177670706506583453e+00 2.172914489798617055e+01 1.286635474822696779e+01 3.174732998287402630e+00
1.614999999999999991e+00 1.179835535230304933e+00 2.200376316637242624e+01 1.303623161801209918e+01 3.308081475477455236e+00
1.625000000000000000e+00 1.182009067719768769e+00 2.228037404363593410e+01 1.320735818835140662e+01 3.456335935760600719e+00
1.635000000000000009e+00 1.184191216642411337e+00 2.255901092410322661e+01 1.337974680669524474e+01 3.616144024852978145e+00
1.645000000000000018e+00 1.186381894363947032e+00 2.283970416302425832e+01 1.355341107576452231e+01 3.783730706553006584e+00
1.655000000000000027e+00 1.188581012947548476e+00 2.312248075034595374e+01 1.372836669980154234e+01 3.955050281605166695e+00
1.665000000000000036e+00 1.190788484153369131e+00 2.340736214591584741e+01 1.390463006542024615e+01 4.125941919080939435e+00
1.675000000000000044e+00 1.193004219438406732e+00 2.369436333728685184e+01 1.408221662804767149e+01 4.292285546321098266e+00
1.685000000000000053e+00 1.195228129956711127e+00 2.398349341701288040e+01 1.426114191712228418e+01 4.450168312037219742e+00
1.695000000000000062e+00 1.197460126559938276e+00 2.427475419498698628e+01 1.444141841017861339e+01 4.596027861002255577e+00
1.705000000000000071e+00 1.199700119798254416e+00 2.456815377361154162e+01 1.462306279537755316e+01 4.726925869667125468e+00
1.715000000000000080e+00 1.201948019921588173e+00 2.486366142620198616e+01 1.480607213201355421e+01 4.840170125268200785e+00
1.725000000000000089e+00 1.204203736881238829e+00 2.516127350304088139e+01 1.499045551382547536e+01 4.934106985683630597e+00
1.735000000000000098e+00 1.206467180331836975e+00 2.546097550227647943e+01 1.517621586990468430e+01 5.007746411817255883e+00
1.745000000000000107e+00 1.208738259633664436e+00 2.576275052544063016e+01 1.536335175178118106e+01 5.060903987976365315e+00
1.755000000000000115e+00 1.211016883855332349e+00 2.606658332694783553e+01 1.555186015911759512e+01 5.094203166484962075e+00
1.765000000000000124e+00 1.213302961776821398e+00 2.637246083136142971e+01 1.574173626392485659e+01 5.109051836450602124e+00
1.775000000000000133e+00 1.215596401892885980e+00 2.668037375565343083e+01 1.593297490169185693e+01 5.107587232434885216e+00
1.785000000000000142e+00 1.217897112416823635e+00 2.699031647420866520e+01 1.612556907290898778e+01 5.092590019245012201e+00
1.794999999999999929e+00 1.220205001284612623e+00 2.730228925332700030e+01 1.631951349601607504e+01 5.067380128895963232e+00
1.804999999999999938e+00 1.222519976159418986e+00 2.761629777260203156e+01 1.651480379503290408e+01 5.035689989918176401e+00
1.814999999999999947e+00 1.224841944436477315e+00 2.793235255147401475e+01 1.671143684262501239e+01 5.001524804827400139e+00
1.824999999999999956e+00 1.227170813248343206e+00 2.825046828374662411e+01 1.690941106294549812e+01 4.969009005152469349e+00
1.834999999999999964e+00 1.229506489470522324e+00 2.857078367323116552e+01 1.710875743869239685e+01 4.942120706314825362e+00
1.844999999999999973e+00 1.231848879727479362e+00 2.889310761288058771e+01 1.730942736492161060e+01 4.925028431470366286e+00
1.854999999999999982e+00 1.234197890399023168e+00 2.921756868748028424e+01 1.751145096455305605e+01 4.921199619020857341e+00
1.864999999999999991e+00 1.236553427627077095e+00 2.954417724026318481e+01 1.771483549020006976e+01 4.933749234588654886e+00
1.875000000000000000e+00 1.238915397322829737e+00 2.987296262183506101e+01 1.791959142063574006e+01 4.965241536608978379e+00
1.885000000000000009e+00 1.241283705174272667e+00 3.020394527716540978e+01 1.812572954348049592e+01 5.017574006402001352e+00
1.895000000000000018e+00 1.243658256654124994e+00 3.053714264546700008e+01 1.833326159690615498e+01 5.091913541801486254e+00
1.905000000000000027e+00 1.246038957028144711e+00 3.087256800315904570e+01 1.854219907158511660e+01 5.188653368137972954e+00
1.915000000000000036e+00 1.248425711363831514e+00 3.121023084672243542e+01 1.875255370759919771e+01 5.307404663076674467e+00
1.925000000000000044e+00 1.250818424539521745e+00 3.155013535384053469e+01 1.896433521673514377e+01 5.447009931023909957e+00
1.935000000000000053e+00 1.253217001253874363e+00 3.189228249743623067e+01 1.917755308513225998e+01 5.605589008754435554e+00
1.945000000000000062e+00 1.255621346035752151e+00 3.223668147176258003e+01 1.939221528318605436e+01 5.780545327668391131e+00
1.955000000000000071e+00 1.258031363254499713e+00 3.258330297720711854e+01 1.960832440879828198e+01 5.968893728048040970e+00
1.965000000000000080e+00 1.260446957130616275e+00 3.293214981047556478e+01 1.982588565217583820e+01 6.167052562838891916e+00
1.975000000000000089e+00 1.262868031746829489e+00 3.328321228201291149e+01 2.004489973095774502e+01 6.371169882564492681e+00
1.985000000000000098e+00 1.265294491059563597e+00 3.363648117621539058e+01 2.026536654700747420e+01 6.577216696366544824e+00
1.995000000000000107e+00 1.267726238910813485e+00 3.399194811154637819e+01 2.048728420273663886e+01 6.781146455703998654e+00
2.004999999999999893e+00 1.270163179040415979e+00 3.434960709734191653e+01 2.071065039231134364e+01 6.979020454596877698e+00
2.015000000000000124e+00 1.272605215098723486e+00 3.470945447641264536e+01 2.093546178191765961e+01 7.167171089859206035e+00
2.024999999999999911e+00 1.275052250659680864e+00 3.507149876870817451e+01 2.116171576703831292e+01 7.342380743961158807e+00
2.035000000000000142e+00 1.277504189234306420e+00 3.543572787017798476e+01 2.138940882636247665e+01 7.501762314366881235e+00
2.044999999999999929e+00 1.279960934284574359e+00 3.580215606404231465e+01 2.161853960637748173e+01 7.643201356708473782e+00
2.055000000000000160e+00 1.282422389237703575e+00 3.617079368198972844e+01 2.184910770058283447e+01 7.765204824726525956e+00
2.064999999999999947e+00 1.284888457500850345e+00 3.654165402928282447e+01 2.208111392229105263e+01 7.867023437399152108e+00
2.075000000000000178e+00 1.287359042476205584e+00 3.691475238351372923e+01 2.231456025734480164e+01 7.948648471368041868e+00
2.084999999999999964e+00 1.289834047576496001e+00 3.729010543308298509e+01 2.254945044373643981e+01 8.010835106091548141e+00
2.095000000000000195e+00 1.292313376240894485e+00 3.766773212874502974e+01 2.278578893700495911e+01 8.055059711021987923e+00
2.104999999999999982e+00 1.294796931951329721e+00 3.804764770444349864e+01 2.302358505754666140e+01 8.083461997464052473e+00
2.115000000000000213e+00 1.297284618249205046e+00 3.842986904247074165e+01 2.326284492306941232e+01 8.098783107423185967e+00
2.125000000000000000e+00 1.299776338752518745e+00 3.881441125581370244e+01 2.350357791382256067e+01 8.104251185982379369e+00
2.135000000000000231e+00 1.302271997173391371e+00 3.920128546548867376e+01 2.374579183195275789e+01 8.103479627536502861e+00
2.145000000000000018e+00 1.304771497335994956e+00 3.959050075482102216e+01 2.398949545241911352e+01 8.100332540414749261e+00
2.155000000000000249e+00 1.307274743194883682e+00 3.998206307655085823e+01 2.423469685538839258e+01 8.098794601360376433e+00
2.165000000000000036e+00 1.309781638853730668e+00 4.037597594482657115e+01 2.448140163489621557e+01 8.102771809636410083e+00
2.175000000000000266e+00 1.312292088584462002e+00 4.077223829687310541e+01 2.472961917928951792e+01 8.116144031768518730e+00
2.185000000000000053e+00 1.314805996846795111e+00 4.117084839457830014e+01 2.497935326623663599e+01 8.142383450251186261e+00
2.194999999999999840e+00 1.317323268308171258e+00 4.157180233616121967e+01 2.523060754648982495e+01 8.184582817462386473e+00
2.205000000000000071e+00 1.319843807864092611e+00 4.197509472357825899e+01 2.548338405632119930e+01 8.245317879481092405e+00
2.214999999999999858e+00 1.322367520658849438e+00 4.238071989705858300e+01 2.573768420950040081e+01 8.326552483119412429e+00
2.225000000000000089e+00 1.324894312106648098e+00 4.278867248024456416e+01 2.599350787890777070e+01 8.429584639810146385e+00
2.234999999999999876e+00 1.327424087913126938e+00 4.319894821328578161e+01 2.625085418455584829e+01 8.554993827877609647e+00
2.245000000000000107e+00 1.329956754097271210e+00 4.361153875940146918e+01 2.650971847167348017e+01 8.702696705175110736e+00
2.254999999999999893e+00 1.332492217013710345e+00 4.402645265719404222e+01 2.677010438532176195e+01 8.871701424389456747e+00
2.265000000000000124e+00 1.335030383375409135e+00 4.444368816031337843e+01 2.703200877505910427e+01 9.060499308829930598e+00
2.274999999999999911e+00 1.337571160276742388e+00 4.486324846733612759e+01 2.729542966028516560e+01 9.266891457111793073e+00
2.285000000000000142e+00 1.340114455216953049e+00 4.528513999105450694e+01 2.756036622997193319e+01 9.488129063818286468e+00
2.294999999999999929e+00 1.342660176123993576e+00 4.570937179343120960e+01 2.782681929690966882e+01 9.720998223894582679e+00
2.305000000000000160e+00 1.345208231378743458e+00 4.613595490443405112e+01 2.809479041459979243e+01 9.961945740482631706e+00
2.314999999999999947e+00 1.347758529839606201e+00 4.656490079796581938e+01 2.836428166955148455e+01 1.020718981495941513e+01
2.325000000000000178e+00 1.350310980867478472e+00 4.699622250851721361e+01 2.863529658732263528e+01 1.045285647053853850e+01
2.334999999999999964e+00 1.352865494351088493e+00 4.742993291079007889e+01 2.890783948555525740e+01 1.069510879976273543e+01
2.345000000000000195e+00 1.355421980732705700e+00 4.786601311115780533e+01 2.918190888535490402e+01 1.093023596846957624e+01
2.354999999999999982e+00 1.357980351034212774e+00 4.830453252126820729e+01 2.945752390259073294e+01 1.115495671793133603e+01
2.365000000000000213e+00 1.360540516883539608e+00 4.874547424978797494e+01 2.973468447179264373e+01 1.136625636444139964e+01
2.375000000000000000e+00 1.363102390541456321e+00 4.918883077653939040e+01 3.001339308850262455e+01 1.156170913116326560e+01
2.385000000000000231e+00 1.365665884928720875e+00 4.963463611283835064e+01 3.029366295307534429e+01 1.173936504048872820e+01
2.395000000000000018e+00 1.368230913653576408e+00 5.008288186377473750e+01 3.057549705434168175e+01 1.189802776630849479e+01
2.405000000000000249e+00 1.370797391039600077e+00 5.053356997518789484e+01 3.085890112645305550e+01 1.203716361948706748e+01
2.415000000000000036e+00 1.373365232153893167e+00 5.098669378909677619e+01 3.114387788917498057e+01 1.215694213215963693e+01
2.425000000000000266e+00 1.375934352835608943e+00 5.144226337124870696e+01 3.143043312062662764e+01 1.225819828622061181e+01
2.435000000000000053e+00 1.378504669724822440e+00 5.190027011466172269e+01 3.171856799839216023e+01 1.234246931865579811e+01
2.444999999999999840e+00 1.381076100291728892e+00 5.236071061291136886e+01 3.200828449447587332e+01 1.241188422059917151e+01
2.455000000000000071e+00 1.383648562866170106e+00 5.282358172222797776e+01 3.229958357841989880e+01 1.246911609626968342e+01
2.464999999999999858e+00 1.386221976667483702e+00 5.328887982320853922e+01 3.259246502141047586e+01 1.251727656324422888e+01
2.475000000000000089e+00 1.388796261834676082e+00 5.375660270115415784e+01 3.288692879999503305e+01 1.255982372058362984e+01
2.484999999999999876e+00 1.391371339456903167e+00 5.422674887579087510e+01 3.318297327247456252e+01 1.260043341903306491e+01
2.495000000000000107e+00 1.393947131604270639e+00 5.469930728576336065e+01 3.348059823353511888e+01 1.264277425506523400e+01
2.504999999999999893e+00 1.396523561358930632e+00 5.517430146619894771e+01 3.377980278986531459e+01 1.269079043207994673e+01
2.515000000000000124e+00 1.399100552846486600e+00 5.565172546818532595e+01 3.408058648411804370e+01 1.274798339018969529e+01
2.524999999999999911e+00 1.401678031267691527e+00 5.613158440369624458e+01 3.438294918709011938e+01 1.281768754553409728e+01
2.535000000000000142e+00 1.404255922930439437e+00 5.661388604614094078e+01 3.468689196650043272e+01 1.290284965246138960e+01
2.544999999999999929e+00 1.406834155282040921e+00 5.709863786638289440e+01 3.499241531159466234e+01 1.300594498916452402e+01
2.555000000000000160e+00 1.409412656941783526e+00 5.758584981361346422e+01 3.529952234246373166e+01 1.312889036819542987e+01
2.564999999999999947e+00 1.411991357733769048e+00 5.807552029263307958e+01 3.560821519485934061e+01 1.327310046218620165e+01
2.575000000000000178e+00 1.414570188720020605e+00 5.856767850479347004e+01 3.591849844441250639e+01 1.343903736963895668e+01
2.584999999999999964e+00 1.417149082233858159e+00 5.906232432399750820e+01 3.623037584128719857e+01 1.362675457207233976e+01
2.595000000000000195e+00 1.419727971913536280e+00 5.955946652880091818e+01 3.654385147415926127e+01 1.383556911906830322e+01
2.604999999999999982e+00 1.422306792736138581e+00 6.005911284522756688e+01 3.685893211539422509e+01 1.406413255457110267e+01
2.615000000000000213e+00 1.424885481051721747e+00 6.056126850326766231e+01 3.717562086437312985e+01 1.431051981945093310e+01
2.625000000000000000e+00 1.427463974617710019e+00 6.106593756310174825e+01 3.749392193343874169e+01 1.457226305156807555e+01
2.635000000000000231e+00 1.430042212633526821e+00 6.157312338561746401e+01 3.781384155961946192e+01 1.484645471688250851e+01
2.645000000000000018e+00 1.432620135775467096e+00 6.208283021059391160e+01 3.813538565007874581e+01 1.512982638775670274e+01
2.655000000000000249e+00 1.435197686231796554e+00 6.259505328059855600e+01 3.845855351250739318e+01 1.541887628598013116e+01
2.665000000000000036e+00 1.437774807738079197e+00 6.310979049821298759e+01 3.878334555688726937e+01 1.571000386439591701e+01
2.675000000000000266e+00 1.440351445612727099e+00 6.362704346745825035e+01 3.910976922834097280e+01 1.599955028174694149e+01
2.685000000000000053e+00 1.442927546792763360e+00 6.414680923990923134e+01 3.943782325607489980e+01 1.628399009678847520e+01
2.694999999999999840e+00 1.445503059869796658e+00 6.466908641010074632e+01 3.976750372812408330e+01 1.656003843008745591e+01
2.705000000000000071e+00 1.448077935126202975e+00 6.519387837562375410e+01 4.009883555457123094e+01 1.682469685505084200e+01
2.714999999999999858e+00 1.450652124571508272e+00 6.572117943964707365e+01 4.043179480641457246e+01 1.707560689474557236e+01
2.725000000000000089e+00 1.453225581978965009e+00 6.625097871998062260e+01 4.076637233229179458e+01 1.731049136541313871e+01
2.734999999999999876e+00 1.455798262922322506e+00 6.678328807215791585e+01 4.110257785586027524e+01 1.752815856010882456e+01
2.745000000000000107e+00 1.458370124812782276e+00 6.731811585367954365e+01 4.144044036680993770e+01 1.772770737040920963e+01
