% raindrop T-matrix calculations using the code of Leinonen, J., "Python code for T-matrix scattering calculations". Available at https://github.com/jleinonen/pytmatrix/. 
% 
% refractive index calculations after Turner et al. (2005): An Improved Liquid Water Absorption Model at Microwave Frequencies for Supercooled Liquid Water Clouds  
% 
% raindrop aspect ratio estimated with the methodology of Brandes, Edward & Zhang, Guifu & Vivekanandan, Jothiram. (2005). Corrigendum. Journal of Applied Meteorology. 44. 186-. 10.1175/1520-0450(2005)44<186:C>2.0.CO;2. 
% 
% wave length: 1.498962 mm 
% temperature: 278.15 K 
% refractive index: 2.605664667076040164e+00 + 9.782969155162515307e-01 i 
% 
%r_eqv[mm]               axial ratio              ext[mm2]                 sca[mm2]                 back[mm2]
5.000000000000000104e-03 9.999900000999989436e-01 1.154070191187443165e-06 2.283852887702302547e-11 3.424731613709478178e-11
1.499999999999999944e-02 9.999900000999989436e-01 3.139539898451830947e-05 1.669343223559115129e-08 2.497131547630890078e-08
2.500000000000000139e-02 9.999900000999989436e-01 1.476623376743557454e-04 3.596612480128255677e-07 5.353837429200940806e-07
3.500000000000000333e-02 9.999900000999989436e-01 4.153164962856190382e-04 2.728809690664356133e-06 4.032363054727361325e-06
4.499999999999999833e-02 9.999900000999989436e-01 9.133016906640677559e-04 1.244949072645977839e-05 1.821758670393261421e-05
5.500000000000000028e-02 9.999900000999989436e-01 1.742057518909379855e-03 4.200480584803066575e-05 6.071903569575623234e-05
6.500000000000000222e-02 9.999900000999989436e-01 3.033374170937861228e-03 1.160659883754646234e-04 1.653264151177190713e-04
7.499999999999999722e-02 9.999900000999989436e-01 4.962537349928569999e-03 2.782608127463633832e-04 3.895923317333790134e-04
8.500000000000000611e-02 9.999900000999989436e-01 7.763036312114913844e-03 5.999178348237891407e-04 8.234901752320650421e-04
9.500000000000000111e-02 9.999900000999989436e-01 1.174389169158121526e-02 1.190944783228964311e-03 1.598538353207506471e-03
1.049999999999999961e-01 9.999900000999989436e-01 1.730917676289035409e-02 2.212781304319575652e-03 2.896357199922067194e-03
1.150000000000000050e-01 9.999900000999989436e-01 2.497839769870309826e-02 3.892918882476803857e-03 4.954987533345463387e-03
1.250000000000000000e-01 9.999900000999989436e-01 3.540485901912017452e-02 6.539707503473495172e-03 8.070521743737117670e-03
1.350000000000000089e-01 9.999900000999989436e-01 4.938670225549221526e-02 1.055494501180933090e-02 1.259082857976530530e-02
1.449999999999999900e-01 9.999900000999989436e-01 6.786196633153654401e-02 1.644005915185706157e-02 1.889783375974921423e-02
1.549999999999999989e-01 9.999900000999989436e-01 9.187507106130457513e-02 2.478975296410064130e-02 2.737569156079026206e-02
1.650000000000000078e-01 9.999900000999989436e-01 1.224989943885309435e-01 3.626530208618963108e-02 3.836491531315205233e-02
1.750000000000000167e-01 9.999900000999989436e-01 1.606985983112470540e-01 5.153950986165984488e-02 5.210730993784702669e-02
1.849999999999999978e-01 9.999900000999989436e-01 2.071311937111524615e-01 7.120849760481853807e-02 6.869161706226384334e-02
1.950000000000000067e-01 1.000344839311130496e+00 2.619388274343565359e-01 9.569599250130263191e-02 8.805088314362607971e-02
2.050000000000000155e-01 1.000376259251188893e+00 3.244081701918909433e-01 1.250406757582913364e-01 1.097860004388532401e-01
2.149999999999999967e-01 1.000431836433301802e+00 3.930449597775637627e-01 1.588995907078619707e-01 1.333468255744087727e-01
2.250000000000000056e-01 1.000511344221778787e+00 4.655802773330373623e-01 1.964326671152527570e-01 1.578764022315256310e-01
2.350000000000000144e-01 1.000614560248383578e+00 5.393504522504464216e-01 2.363788669264411391e-01 1.822249886893866910e-01
2.449999999999999956e-01 1.000741266305821942e+00 6.117909477600224077e-01 2.772249088527809491e-01 2.049875692448404063e-01
2.550000000000000044e-01 1.000891248244015541e+00 6.808973135808030763e-01 3.174432210219417794e-01 2.246286382731135789e-01
2.650000000000000133e-01 1.001064295869075416e+00 7.455050417107568217e-01 3.557296212280843806e-01 2.396758180853839071e-01
2.750000000000000222e-01 1.001260202844886926e+00 8.053427509121862116e-01 3.911761121138824793e-01 2.489120948901080987e-01
2.850000000000000311e-01 1.001478766597222014e+00 8.609087275326848809e-01 4.233490576612112255e-01 2.514990590738286902e-01
2.949999999999999845e-01 1.001719788220298835e+00 9.132577536083275049e-01 4.522798890579585729e-01 2.470104358679336976e-01
3.049999999999999933e-01 1.001983072385710605e+00 9.637721357162178926e-01 4.783970980081767022e-01 2.354074156363781811e-01
3.150000000000000022e-01 1.002268427253648841e+00 1.013957944210038375e+00 5.024286613568726967e-01 2.170091873990968312e-01
3.250000000000000111e-01 1.002575664386349930e+00 1.065282480941092569e+00 5.252960588135801023e-01 1.925043513370716386e-01
3.350000000000000200e-01 1.002904598663692415e+00 1.119050906574794002e+00 5.480083020966066698e-01 1.630170491144283806e-01
3.450000000000000289e-01 1.003255048200880628e+00 1.176314670422037301e+00 5.715598956340971482e-01 1.302035679921368927e-01
3.549999999999999822e-01 1.003626834268148693e+00 1.237798814597220742e+00 5.968318072864597923e-01 9.631974102766016621e-02
3.649999999999999911e-01 1.004019781212422524e+00 1.303841664384542520e+00 6.244995747505919237e-01 6.418586506434295624e-02
3.750000000000000000e-01 1.004433716380879638e+00 1.374350741222323036e+00 6.549574039994022767e-01 3.699211011867462734e-02
3.850000000000000089e-01 1.004868470046347273e+00 1.448796841056027462e+00 6.882755215475916399e-01 1.793864454928136704e-02
3.950000000000000178e-01 1.005323875334485528e+00 1.526270908750907651e+00 7.242053612085320724e-01 9.772337530587132254e-03
4.050000000000000266e-01 1.005799768152698448e+00 1.605619807451306169e+00 7.622427917272927012e-01 1.434176992530477451e-02
4.150000000000000355e-01 1.006295987120720881e+00 1.685643542598141753e+00 8.017395559825534201e-01 3.230280267686530538e-02
4.249999999999999889e-01 1.006812373502834479e+00 1.765305403613817603e+00 8.420355677594733024e-01 6.305857468068562510e-02
4.349999999999999978e-01 1.007348771141657329e+00 1.843898316340120580e+00 8.825782643615415202e-01 1.049286844472933217e-01
4.450000000000000067e-01 1.007905026393466796e+00 1.921125728621116080e+00 9.230001502452751527e-01 1.554622745308678056e-01
4.550000000000000155e-01 1.008480988065006079e+00 1.997091754398871322e+00 9.631445907331731560e-01 2.117815970061799336e-01
4.650000000000000244e-01 1.009076507351731156e+00 2.072224261629437958e+00 1.003048323019199994e+00 2.708678644229169930e-01
4.750000000000000333e-01 1.009691437777457068e+00 2.147164911380724295e+00 1.042896600542355001e+00 3.297550386112235721e-01
4.849999999999999867e-01 1.010325635135361333e+00 2.222657171458330971e+00 1.082969400811587324e+00 3.856430309143342172e-01
4.949999999999999956e-01 1.010978957430304748e+00 2.299449198784530246e+00 1.123590548436266934e+00 4.359683753121176841e-01
5.050000000000000044e-01 1.011651264822433394e+00 2.378218703372759535e+00 1.165086007767924370e+00 4.784674746218405827e-01
5.150000000000000133e-01 1.012342419572020980e+00 2.459519089467595343e+00 1.207752815689710602e+00 5.112549384566910105e-01
5.250000000000000222e-01 1.013052285985520662e+00 2.543745146054141593e+00 1.251837836619108524e+00 5.329187461496900369e-01
5.350000000000000311e-01 1.013780730362787486e+00 2.631117774914065066e+00 1.297525599776412575e+00 5.426202540849205391e-01
5.450000000000000400e-01 1.014527620945441466e+00 2.721685176615229906e+00 1.344932470097961685e+00 5.401734156378039664e-01
5.550000000000000488e-01 1.015292827866336012e+00 2.815341984057224245e+00 1.394108243069828834e+00 5.260827337445321827e-01
5.650000000000000577e-01 1.016076223100103704e+00 2.911861519315623870e+00 1.445042791375332314e+00 5.015229339089047889e-01
5.750000000000000666e-01 1.016877680414747243e+00 3.010937167092527122e+00 1.497676993251128241e+00 4.682598431750371049e-01
5.849999999999999645e-01 1.017697075324246692e+00 3.112225832807028691e+00 1.551915785758090527e+00 4.285234648176589056e-01
5.949999999999999734e-01 1.018534285042156151e+00 3.215388210365358379e+00 1.607642343340424329e+00 3.848529980372826786e-01
6.049999999999999822e-01 1.019389188436160998e+00 3.320119436532690482e+00 1.664730209202718303e+00 3.399358409262597802e-01
6.149999999999999911e-01 1.020261665983570154e+00 3.426169224688736747e+00 1.723053412609901081e+00 2.964572921991639465e-01
6.250000000000000000e-01 1.021151599727719406e+00 3.533351252386681907e+00 1.782493530453218122e+00 2.569717596231135825e-01
6.350000000000000089e-01 1.022058873235258902e+00 3.641543811500433048e+00 1.842944261314974241e+00 2.237984301393079467e-01
6.450000000000000178e-01 1.022983371554301524e+00 3.750683778693565618e+00 1.904313425631762868e+00 1.989393404018256206e-01
6.550000000000000266e-01 1.023924981173411908e+00 3.860758265822279878e+00 1.966523856015996330e+00 1.840161798731786702e-01
6.650000000000000355e-01 1.024883589981409493e+00 3.971794613108655891e+00 2.029514016816226007e+00 1.802228748171656458e-01
6.750000000000000444e-01 1.025859087227968924e+00 4.083850866863466322e+00 2.093237047366572678e+00 1.882894792934441952e-01
6.850000000000000533e-01 1.026851363484993174e+00 4.197007683546605250e+00 2.157661585753226419e+00 2.084599341245319815e-01
6.950000000000000622e-01 1.027860310608740946e+00 4.311361237672699076e+00 2.222770962118888693e+00 2.404807706928303312e-01
7.049999999999999600e-01 1.028885821702690384e+00 4.427017703673923776e+00 2.288564005833034543e+00 2.836051096266818949e-01
7.149999999999999689e-01 1.029927791081118427e+00 4.544087131854149142e+00 2.355053436016946389e+00 3.366112989104544373e-01
7.249999999999999778e-01 1.030986114233377604e+00 4.662679685443048783e+00 2.422266515899915262e+00 3.978387120051159465e-01
7.349999999999999867e-01 1.032060687788854958e+00 4.782899851135324454e+00 2.490242473086032415e+00 4.652417634234845556e-01
7.449999999999999956e-01 1.033151409482594651e+00 4.904841834545123902e+00 2.559030595579022904e+00 5.364616867307058223e-01
7.550000000000000044e-01 1.034258178121568061e+00 5.028583481886275131e+00 2.628687082997857694e+00 6.089147962692875726e-01
7.650000000000000133e-01 1.035380893551575587e+00 5.154183169029568745e+00 2.699271464577539970e+00 6.798995046578646395e-01
7.750000000000000222e-01 1.036519456624765523e+00 5.281674188687410343e+00 2.770842057790868118e+00 7.467137352038808462e-01
7.850000000000000311e-01 1.037673769167756666e+00 5.411063229681551512e+00 2.843451942373560026e+00 8.067816085313916918e-01
7.950000000000000400e-01 1.038843733950345127e+00 5.542328605235554484e+00 2.917144640859321125e+00 8.577833407744314131e-01
8.050000000000000488e-01 1.040029254654790458e+00 5.675422342461536651e+00 2.991951476782118480e+00 8.977802306970015245e-01
8.150000000000000577e-01 1.041230235845658436e+00 5.810272733854359828e+00 3.067888158515569508e+00 9.253264876144602358e-01
8.250000000000000666e-01 1.042446582940215416e+00 5.946790654958445721e+00 3.144954534029776205e+00 9.395613135690371598e-01
8.349999999999999645e-01 1.043678202179357140e+00 6.084876938825065196e+00 3.223135024697138640e+00 9.402712950214582310e-01
8.449999999999999734e-01 1.044925000599063569e+00 6.224431057871064432e+00 3.302400374139679684e+00 9.279206100204467900e-01
8.549999999999999822e-01 1.046186886002363758e+00 6.365359855834357816e+00 3.382711108005869605e+00 9.036426537076455157e-01
8.649999999999999911e-01 1.047463766931806317e+00 6.507585656531899687e+00 3.464021067245926844e+00 8.691964152278687239e-01
8.750000000000000000e-01 1.048755552642418598e+00 6.651053910845312167e+00 3.546282614857179993e+00 8.268851623252746474e-01
8.850000000000000089e-01 1.050062153075147497e+00 6.795737263792807958e+00 3.629450768878899947e+00 7.794490455848434030e-01
8.950000000000000178e-01 1.051383478830772988e+00 6.941639892970461467e+00 3.713488368790823557e+00 7.299326172124085410e-01
9.050000000000000266e-01 1.052719441144281065e+00 7.088791919671036723e+00 3.798368039840884336e+00 6.815357407136121148e-01
9.150000000000000355e-01 1.054069951859691656e+00 7.237253749530241365e+00 3.884076316283639585e+00 6.374598218448712661e-01
9.250000000000000444e-01 1.055434923405329073e+00 7.387105804743283599e+00 3.970613138245183471e+00 6.007525971168098389e-01
9.350000000000000533e-01 1.056814268769528553e+00 7.538443520211631999e+00 4.057992793857971847e+00 5.741606685372402374e-01
9.450000000000000622e-01 1.058207901476769797e+00 7.691368994391687863e+00 4.146242236046592922e+00 5.599947189824968641e-01
9.550000000000000711e-01 1.059615735564230832e+00 7.845983171933832878e+00 4.235399013273621449e+00 5.600163801607719316e-01
9.649999999999999689e-01 1.061037685558753330e+00 8.002377550738700052e+00 4.325507657278095053e+00 5.753464557460590267e-01
9.749999999999999778e-01 1.062473666454213594e+00 8.160627562666491031e+00 4.416616379198330833e+00 6.064046508870553076e-01
9.849999999999999867e-01 1.063923593689290348e+00 8.320787365813558267e+00 4.508773278913579929e+00 6.528816005684768831e-01
9.949999999999999956e-01 1.065387383125626419e+00 8.482886916238721042e+00 4.602023325151217037e+00 7.137462910552344608e-01
1.005000000000000115e+00 1.066864951026373021e+00 8.646930495364891556e+00 4.696404098551987261e+00 7.872862230759427593e-01
1.015000000000000124e+00 1.068356214035114826e+00 8.812898326012870598e+00 4.791944616508826194e+00 8.711877050410976597e-01
1.024999999999999911e+00 1.069861089155168976e+00 8.980749055348692167e+00 4.888662625100359094e+00 9.626415484137520462e-01
1.034999999999999920e+00 1.071379493729249344e+00 9.150425606174080073e+00 4.986565242025093880e+00 1.058479690955786756e+00
1.044999999999999929e+00 1.072911345419497398e+00 9.321862177028187091e+00 5.085648003693595598e+00 1.155323332571563055e+00
1.054999999999999938e+00 1.074456562187866782e+00 9.494983735454304963e+00 5.185897417196352777e+00 1.249762003603851257e+00
1.064999999999999947e+00 1.076015062276864054e+00 9.669722750757054897e+00 5.287291305142443498e+00 1.338495973602378486e+00
1.074999999999999956e+00 1.077586764190635593e+00 9.846018880215261504e+00 5.389802598819076529e+00 1.418506734791385115e+00
1.084999999999999964e+00 1.079171586676399119e+00 1.002382520693029733e+01 5.493401493368546440e+00 1.487194300905506417e+00
1.094999999999999973e+00 1.080769448706216718e+00 1.020311105463566292e+01 5.598057694706019660e+00 1.542496439248633999e+00
1.104999999999999982e+00 1.082380269459101152e+00 1.038386460515732779e+01 5.703743658229609714e+00 1.582977203129485089e+00
1.114999999999999991e+00 1.084003968303457022e+00 1.056609296623750893e+01 5.810436572397884802e+00 1.607890817172490383e+00
1.125000000000000000e+00 1.085640464779849657e+00 1.074982103220035867e+01 5.918120169968601019e+00 1.617205911059396595e+00
1.135000000000000009e+00 1.087289678584100638e+00 1.093508834919033212e+01 6.026785231086257966e+00 1.611604750513465412e+00
1.145000000000000018e+00 1.088951529550704622e+00 1.112194617740680869e+01 6.136430340721833687e+00 1.592446936482189379e+00
1.155000000000000027e+00 1.090625937636568565e+00 1.131045308963967599e+01 6.247062043742102055e+00 1.561707654513387666e+00
1.165000000000000036e+00 1.092312822905064262e+00 1.150067075220243851e+01 6.358694164111343028e+00 1.521889489531734529e+00
1.175000000000000044e+00 1.094012105510399513e+00 1.169265868874574643e+01 6.471345585307897608e+00 1.475911097464433608e+00
1.185000000000000053e+00 1.095723705682299487e+00 1.188647142788461686e+01 6.585040448936467783e+00 1.426983420424865034e+00
1.195000000000000062e+00 1.097447543710998508e+00 1.208215404343573418e+01 6.699804840137078443e+00 1.378468944881318992e+00
1.205000000000000071e+00 1.099183539932540254e+00 1.227973843153115929e+01 6.815664760531100264e+00 1.333714268591309038e+00
1.215000000000000080e+00 1.100931614714385054e+00 1.247924763305738161e+01 6.932648343696449444e+00 1.295989576584647640e+00
1.225000000000000089e+00 1.102691688441321372e+00 1.268068737316951733e+01 7.050777748813984225e+00 1.268230334506174506e+00
1.235000000000000098e+00 1.104463681501680172e+00 1.288405151442256980e+01 7.170072520921259240e+00 1.252984146882226701e+00
1.245000000000000107e+00 1.106247514273852595e+00 1.308932248234904172e+01 7.290547268242463019e+00 1.252281788503442295e+00
1.255000000000000115e+00 1.108043107113107384e+00 1.329647105504701621e+01 7.412209992775384393e+00 1.267559894674336496e+00
1.265000000000000124e+00 1.109850380338708309e+00 1.350546738393286006e+01 7.535064731668369653e+00 1.299562682215891218e+00
1.275000000000000133e+00 1.111669254221331116e+00 1.371627334307625112e+01 7.659108777778460109e+00 1.348362188920669613e+00
1.284999999999999920e+00 1.113499648970778022e+00 1.392885288062359983e+01 7.784335526523862292e+00 1.413325184847251448e+00
1.294999999999999929e+00 1.115341484723989307e+00 1.414317261758162125e+01 7.910733869554122499e+00 1.493148485078177989e+00
1.304999999999999938e+00 1.117194681533353773e+00 1.435920592337732415e+01 8.038291136121479497e+00 1.585918527789639043e+00
1.314999999999999947e+00 1.119059159355313193e+00 1.457693318662912851e+01 8.166992002306637133e+00 1.689193687274771261e+00
1.324999999999999956e+00 1.120934838039265857e+00 1.479634593718380131e+01 8.296823463622386541e+00 1.800111549048155846e+00
1.334999999999999964e+00 1.122821637316764765e+00 1.501744446028786228e+01 8.427771701535503368e+00 1.915506941747949998e+00
1.344999999999999973e+00 1.124719476791012696e+00 1.524023661245529659e+01 8.559826780180799233e+00 2.032048353486237691e+00
1.354999999999999982e+00 1.126628275926654377e+00 1.546474973161107513e+01 8.692982807209661544e+00 2.146383259764283125e+00
1.364999999999999991e+00 1.128547954039863965e+00 1.569100917988323829e+01 8.827236765111075911e+00 2.255262768410286167e+00
1.375000000000000000e+00 1.130478430288730518e+00 1.591904959290431520e+01 8.962590776125747283e+00 2.355686487904213866e+00
1.385000000000000009e+00 1.132419623663941444e+00 1.614890887637118411e+01 9.099050673716551074e+00 2.445021578441465504e+00
1.395000000000000018e+00 1.134371452979762385e+00 1.638062622787167655e+01 9.236626672422985962e+00 2.521110622604562757e+00
1.405000000000000027e+00 1.136333836865317526e+00 1.661423975834825129e+01 9.375332343665849777e+00 2.582358750607168130e+00
1.415000000000000036e+00 1.138306693756168331e+00 1.684978349569017908e+01 9.515183274039440420e+00 2.627802473583386256e+00
1.425000000000000044e+00 1.140289941886192482e+00 1.708728636385842847e+01 9.656197149804457425e+00 2.657143951015058292e+00
1.435000000000000053e+00 1.142283499279765024e+00 1.732677022543959566e+01 9.798391724962659310e+00 2.670766464195760470e+00
1.445000000000000062e+00 1.144287283744239936e+00 1.756824324291837058e+01 9.941783792240322271e+00 2.669703632900608081e+00
1.455000000000000071e+00 1.146301212862736563e+00 1.781172241568468095e+01 1.008639048969331498e+01 2.655649084929000647e+00
1.465000000000000080e+00 1.148325203987230259e+00 1.805720169716654411e+01 1.023222513751383289e+01 2.630816782490343009e+00
1.475000000000000089e+00 1.150359174231948334e+00 1.830467200897126290e+01 1.037929785386647197e+01 2.597894257306365251e+00
1.485000000000000098e+00 1.152403040467071982e+00 1.855411981306642488e+01 1.052761640539649335e+01 2.559923129161584043e+00
1.495000000000000107e+00 1.154456719312749513e+00 1.880552741175773690e+01 1.067718471289611948e+01 2.520175190536444454e+00
1.505000000000000115e+00 1.156520127133416675e+00 1.905887527506010315e+01 1.082800348820234149e+01 2.482015388514591248e+00
1.515000000000000124e+00 1.158593180032429393e+00 1.931414405819307945e+01 1.098007104943037326e+01 2.448772239428170572e+00
1.525000000000000133e+00 1.160675793847010029e+00 1.957131561728792235e+01 1.113338193720747782e+01 2.423597933554165085e+00
1.535000000000000142e+00 1.162767884143507846e+00 1.983037647616106725e+01 1.128793081224243444e+01 2.409343579633097754e+00
1.544999999999999929e+00 1.164869366212974766e+00 2.009131009001885815e+01 1.144370997088618402e+01 2.408473299992449412e+00
1.554999999999999938e+00 1.166980155067061542e+00 2.035412615610128739e+01 1.160071319726034744e+01 2.422872943310985683e+00
1.564999999999999947e+00 1.169100165434231231e+00 2.061882160435955313e+01 1.175893357417055540e+01 2.453908038038894457e+00
1.574999999999999956e+00 1.171229311756297298e+00 2.088540593103843435e+01 1.191836655469503015e+01 2.502291316661281240e+00
1.584999999999999964e+00 1.173367508185281460e+00 2.115389377196079934e+01 1.207900882443895441e+01 2.568074386439105350e+00
1.594999999999999973e+00 1.175514668580601496e+00 2.142430572450956916e+01 1.224086032035097560e+01 2.650650190748606860e+00
1.604999999999999982e+00 1.177670706506583453e+00 2.169666521665035575e+01 1.240392277745071326e+01 2.748780540675690442e+00
1.614999999999999991e+00 1.179835535230304933e+00 2.197099839934505283e+01 1.256820110062302831e+01 2.860645814086482552e+00
1.625000000000000000e+00 1.182009067719768769e+00 2.224733236186367691e+01 1.273370235782306636e+01 2.983915461646977185e+00
1.635000000000000009e+00 1.184191216642411337e+00 2.252568785483403957e+01 1.290043584999868287e+01 3.115842086304242642e+00
1.645000000000000018e+00 1.186381894363947032e+00 2.280609923892885504e+01 1.306841273558016248e+01 3.253379461201075795e+00
1.655000000000000027e+00 1.188581012947548476e+00 2.308858300068594716e+01 1.323764511821455869e+01 3.393279874019094144e+00
1.665000000000000036e+00 1.190788484153369131e+00 2.337315522170147375e+01 1.340814485318094640e+01 3.532234949794065049e+00
1.675000000000000044e+00 1.193004219438406732e+00 2.365982835022061792e+01 1.357992498092779243e+01 3.667003439113197594e+00
1.685000000000000053e+00 1.195228129956711127e+00 2.394860943987361779e+01 1.375299723415673014e+01 3.794531820543741052e+00
1.695000000000000062e+00 1.197460126559938276e+00 2.423949970230696138e+01 1.392737108463272122e+01 3.912073565382019780e+00
1.705000000000000071e+00 1.199700119798254416e+00 2.453249695981311618e+01 1.410305538886598953e+01 4.017295670489320791e+00
1.715000000000000080e+00 1.201948019921588173e+00 2.482759549617862049e+01 1.428005711223014629e+01 4.108363896525147219e+00
1.725000000000000089e+00 1.204203736881238829e+00 2.512478604977234298e+01 1.445838051522107115e+01 4.184014990791104616e+00
1.735000000000000098e+00 1.206467180331836975e+00 2.542405865247311070e+01 1.463802818493604718e+01 4.243601832427462917e+00
1.745000000000000107e+00 1.208738259633664436e+00 2.572540283044198972e+01 1.481900072678308788e+01 4.287116689016766458e+00
1.755000000000000115e+00 1.211016883855332349e+00 2.602880853670270511e+01 1.500129658580354430e+01 4.315188290993302367e+00
1.765000000000000124e+00 1.213302961776821398e+00 2.633426416282070903e+01 1.518491618053916525e+01 4.328968559466723320e+00
1.775000000000000133e+00 1.215596401892885980e+00 2.664177367354047732e+01 1.536985250337603759e+01 4.330415856895065474e+00
1.785000000000000142e+00 1.217897112416823635e+00 2.695133138826730601e+01 1.555610384240286770e+01 4.321752379904208574e+00
1.794999999999999929e+00 1.220205001284612623e+00 2.726294026384692870e+01 1.574366741688973548e+01 4.305674919663006861e+00
1.804999999999999938e+00 1.222519976159418986e+00 2.757660723630531407e+01 1.593254100197822964e+01 4.285183075950563136e+00
1.814999999999999947e+00 1.224841944436477315e+00 2.789234264100398519e+01 1.612272335342314733e+01 4.263460091662941487e+00
1.824999999999999956e+00 1.227170813248343206e+00 2.821016073305469263e+01 1.631421496363999069e+01 4.243762585902287832e+00
1.834999999999999964e+00 1.229506489470522324e+00 2.853007895559825968e+01 1.650701991774509381e+01 4.229367782965642419e+00
1.844999999999999973e+00 1.231848879727479362e+00 2.885211385188762634e+01 1.670113701665953698e+01 4.223169375961294492e+00
1.854999999999999982e+00 1.234197890399023168e+00 2.917628581878392424e+01 1.689657379784192415e+01 4.227982576074285070e+00
1.864999999999999991e+00 1.236553427627077095e+00 2.950261382626621653e+01 1.709333682392402665e+01 4.246175444917809294e+00
1.875000000000000000e+00 1.238915397322829737e+00 2.983111555938001658e+01 1.729143326412454940e+01 4.279648412787073752e+00
1.885000000000000009e+00 1.241283705174272667e+00 3.016180813663857663e+01 1.749087260314043846e+01 4.329771867493593440e+00
1.895000000000000018e+00 1.243658256654124994e+00 3.049470423306839706e+01 1.769166291022816750e+01 4.397327293603461307e+00
1.905000000000000027e+00 1.246038957028144711e+00 3.082982370181857590e+01 1.789381669192660240e+01 4.482466188098522153e+00
1.915000000000000036e+00 1.248425711363831514e+00 3.116715847943337891e+01 1.809733756357914913e+01 4.584795832577603036e+00
1.925000000000000044e+00 1.250818424539521745e+00 3.150671977386750910e+01 1.830223600415840934e+01 4.703259833401045142e+00
1.935000000000000053e+00 1.253217001253874363e+00 3.184850858928680850e+01 1.850851910448789539e+01 4.836267908050182918e+00
1.945000000000000062e+00 1.255621346035752151e+00 3.219252398868471232e+01 1.871619342691811028e+01 4.981736205183698196e+00
1.955000000000000071e+00 1.258031363254499713e+00 3.253876140719608401e+01 1.892526277400304124e+01 5.137159733238423343e+00
1.965000000000000080e+00 1.260446957130616275e+00 3.288721676729481658e+01 1.913573114926758478e+01 5.299717246615616162e+00
1.975000000000000089e+00 1.262868031746829489e+00 3.323788399347326816e+01 1.934759968727778201e+01 5.466357291827290688e+00
1.985000000000000098e+00 1.265294491059563597e+00 3.359075807605434960e+01 1.956086996213458207e+01 5.633928001717102063e+00
1.995000000000000107e+00 1.267726238910813485e+00 3.394585355231141222e+01 1.977554557195010076e+01 5.799216608401430939e+00
2.004999999999999893e+00 1.270163179040415979e+00 3.430313424156533841e+01 1.999161860426628579e+01 5.959291501080084430e+00
2.015000000000000124e+00 1.272605215098723486e+00 3.466261476483394688e+01 2.020909097935006216e+01 6.111304288347296776e+00
2.024999999999999911e+00 1.275052250659680864e+00 3.502429693088111406e+01 2.042796130023766921e+01 6.252781797924136242e+00
2.035000000000000142e+00 1.277504189234306420e+00 3.538819481872155137e+01 2.064823152489470459e+01 6.381697741857362161e+00
2.044999999999999929e+00 1.279960934284574359e+00 3.575429923081822636e+01 2.086989719138973243e+01 6.496412437044235766e+00
2.055000000000000160e+00 1.282422389237703575e+00 3.612262680514648849e+01 2.109296031850652753e+01 6.595925693024668135e+00
2.064999999999999947e+00 1.284888457500850345e+00 3.649318908486920776e+01 2.131742223270905612e+01 6.679769436479982225e+00
2.075000000000000178e+00 1.287359042476205584e+00 3.686599912611124097e+01 2.154328566723824423e+01 6.748081908112571803e+00
2.084999999999999964e+00 1.289834047576496001e+00 3.724107112821575072e+01 2.177055438723919778e+01 6.801567055507470982e+00
2.095000000000000195e+00 1.292313376240894485e+00 3.761841874727035417e+01 2.199923252273342911e+01 6.841499386216833400e+00
2.104999999999999982e+00 1.294796931951329721e+00 3.799806524695514298e+01 2.222932701182629245e+01 6.869608793174251993e+00
2.115000000000000213e+00 1.297284618249205046e+00 3.838000661038682892e+01 2.246084153240936843e+01 6.888185775529455768e+00
2.125000000000000000e+00 1.299776338752518745e+00 3.876426148968136687e+01 2.269378347080472480e+01 6.899780769766842958e+00
2.135000000000000231e+00 1.302271997173391371e+00 3.915083974602315919e+01 2.292816001372837320e+01 6.907244730531225230e+00
2.145000000000000018e+00 1.304771497335994956e+00 3.953974856229163493e+01 2.316397782875418443e+01 6.913606463072808239e+00
2.155000000000000249e+00 1.307274743194883682e+00 3.993099277227098298e+01 2.340124296502918000e+01 6.921954577310283518e+00
2.165000000000000036e+00 1.309781638853730668e+00 4.032457616421689295e+01 2.363996235903996990e+01 6.935337362771027081e+00
2.175000000000000266e+00 1.312292088584462002e+00 4.072049864271335196e+01 2.388014004803357793e+01 6.956653460307959946e+00
2.185000000000000053e+00 1.314805996846795111e+00 4.111876006720513743e+01 2.412178106177401915e+01 6.988551728605568059e+00
2.194999999999999840e+00 1.317323268308171258e+00 4.151935775613006285e+01 2.436488782444679302e+01 7.033343909025553842e+00
2.205000000000000071e+00 1.319843807864092611e+00 4.192230646414249406e+01 2.460946544551412529e+01 7.092950541625383742e+00
2.214999999999999858e+00 1.322367520658849438e+00 4.232757269088610741e+01 2.485551198369880765e+01 7.168713698065341866e+00
2.225000000000000089e+00 1.324894312106648098e+00 4.273516895792846526e+01 2.510303064053857369e+01 7.261548017138992783e+00
2.234999999999999876e+00 1.327424087913126938e+00 4.314509224175697000e+01 2.535202052655123950e+01 7.371773223034321809e+00
2.245000000000000107e+00 1.329956754097271210e+00 4.355734292246916795e+01 2.560248238899745843e+01 7.499149646112506673e+00
2.254999999999999893e+00 1.332492217013710345e+00 4.397192216316933866e+01 2.585441594973433865e+01 7.642880742826133833e+00
2.265000000000000124e+00 1.335030383375409135e+00 4.438883214282031986e+01 2.610782039967362778e+01 7.801647762080307302e+00
2.274999999999999911e+00 1.337571160276742388e+00 4.480807756948938447e+01 2.636269600062201945e+01 7.973657893348691239e+00
2.285000000000000142e+00 1.340114455216953049e+00 4.522966453568642464e+01 2.661904314795407700e+01 8.156703132960059222e+00
2.294999999999999929e+00 1.342660176123993576e+00 4.565361704410258170e+01 2.687686348884960097e+01 8.348284175509087746e+00
2.305000000000000160e+00 1.345208231378743458e+00 4.607991545172492209e+01 2.713615786699485000e+01 8.545558479209542924e+00
2.314999999999999947e+00 1.347758529839606201e+00 4.650858252748447796e+01 2.739692865795615262e+01 8.745616995475307576e+00
2.325000000000000178e+00 1.350310980867478472e+00 4.693962855638502418e+01 2.765917919020208871e+01 8.945479918980067779e+00
2.334999999999999964e+00 1.352865494351088493e+00 4.737306457952573169e+01 2.792291373480431460e+01 9.142218426290661171e+00
2.345000000000000195e+00 1.355421980732705700e+00 4.780889935052202588e+01 2.818813528454620609e+01 9.333058651422634355e+00
2.354999999999999982e+00 1.357980351034212774e+00 4.824714261719186226e+01 2.845484942589141397e+01 9.515473680905518705e+00
2.365000000000000213e+00 1.360540516883539608e+00 4.868780657875097972e+01 2.872305870518875892e+01 9.687157545721580831e+00
2.375000000000000000e+00 1.363102390541456321e+00 4.913089001873186845e+01 2.899277237021339459e+01 9.846510462321749202e+00
2.385000000000000231e+00 1.365665884928720875e+00 4.957640171245065375e+01 2.926399350216746242e+01 9.992115776617000122e+00
2.395000000000000018e+00 1.368230913653576408e+00 5.002434528185317930e+01 2.953672658590574329e+01 1.012314460290118667e+01
2.405000000000000249e+00 1.370797391039600077e+00 5.047472208431652518e+01 2.981097543013028428e+01 1.023930929231242359e+01
2.415000000000000036e+00 1.373365232153893167e+00 5.092753434963943704e+01 3.008674507118741914e+01 1.034085384425916132e+01
2.425000000000000266e+00 1.375934352835608943e+00 5.138278207795307395e+01 3.036403510849143572e+01 1.042868466480586065e+01
2.435000000000000053e+00 1.378504669724822440e+00 5.184046176461242794e+01 3.064285270117994742e+01 1.050383731834340395e+01
2.444999999999999840e+00 1.381076100291728892e+00 5.230057353780522078e+01 3.092319805480880390e+01 1.056815287181049534e+01
2.455000000000000071e+00 1.383648562866170106e+00 5.276311593638776998e+01 3.120507231331100684e+01 1.062375767961418482e+01
2.464999999999999858e+00 1.386221976667483702e+00 5.322808826033434570e+01 3.148847645037817955e+01 1.067309879792547456e+01
2.475000000000000089e+00 1.388796261834676082e+00 5.369548962078129506e+01 3.177341075444123675e+01 1.071886225065579801e+01
2.484999999999999876e+00 1.391371339456903167e+00 5.416532054079729619e+01 3.205987534552116358e+01 1.076388090290661559e+01
2.495000000000000107e+00 1.393947131604270639e+00 5.463758313268723299e+01 3.234787064259256795e+01 1.081104668189655271e+01
2.504999999999999893e+00 1.396523561358930632e+00 5.511227401323051822e+01 3.263739176827368738e+01 1.086310473276337341e+01
2.515000000000000124e+00 1.399100552846486600e+00 5.558940828389530253e+01 3.292844808697211079e+01 1.092293744968065106e+01
2.524999999999999911e+00 1.401678031267691527e+00 5.606898550810257831e+01 3.322103564474475235e+01 1.099294868822552118e+01
2.535000000000000142e+00 1.404255922930439437e+00 5.655101277071515398e+01 3.351515653916736426e+01 1.107530733045281401e+01
2.544999999999999929e+00 1.406834155282040921e+00 5.703549667984989213e+01 3.381081143474383310e+01 1.117180455930444261e+01
2.555000000000000160e+00 1.409412656941783526e+00 5.752244529466273804e+01 3.410800343825852821e+01 1.128381480167096562e+01
2.564999999999999947e+00 1.411991357733769048e+00 5.801186575291504255e+01 3.440673391698246064e+01 1.141220623224471531e+01
2.575000000000000178e+00 1.414570188720020605e+00 5.850376679747946440e+01 3.470700736961946831e+01 1.155737532526901568e+01
2.584999999999999964e+00 1.417149082233858159e+00 5.899815504108670439e+01 3.500882613929302778e+01 1.171917826481398350e+01
2.595000000000000195e+00 1.419727971913536280e+00 5.949500829945951352e+01 3.531218467664940874e+01 1.189689510239043813e+01
2.604999999999999982e+00 1.422306792736138581e+00 5.999438580410299693e+01 3.561710425191910190e+01 1.208954686814762702e+01
2.615000000000000213e+00 1.424885481051721747e+00 6.049626762014433012e+01 3.592358085649919985e+01 1.229550373620219972e+01
2.625000000000000000e+00 1.427463974617710019e+00 6.100065756108343606e+01 3.623161759571316054e+01 1.251281572126121411e+01
2.635000000000000231e+00 1.430042212633526821e+00 6.150753813733518882e+01 3.654121230212379601e+01 1.273931691134438893e+01
2.645000000000000018e+00 1.432620135775467096e+00 6.201694782198828904e+01 3.685237984523391219e+01 1.297228573542663810e+01
2.655000000000000249e+00 1.435197686231796554e+00 6.252887050206968667e+01 3.716511755822023844e+01 1.320913365325179534e+01
2.665000000000000036e+00 1.437774807738079197e+00 6.304330656428819424e+01 3.747942788012687743e+01 1.344709396902681675e+01
2.675000000000000266e+00 1.440351445612727099e+00 6.356024425137190548e+01 3.779530991235074566e+01 1.368336724418320571e+01
2.685000000000000053e+00 1.442927546792763360e+00 6.407970358456348947e+01 3.811277058900240888e+01 1.391543160257014655e+01
2.694999999999999840e+00 1.445503059869796658e+00 6.460167544109368976e+01 3.843180873223445815e+01 1.414079822146199739e+01
2.705000000000000071e+00 1.448077935126202975e+00 6.512615947081258128e+01 3.875242567564250606e+01 1.435729139945998867e+01
2.714999999999999858e+00 1.450652124571508272e+00 6.565315510118466591e+01 3.907462065292098430e+01 1.456308885589025159e+01
2.725000000000000089e+00 1.453225581978965009e+00 6.618266490531118507e+01 3.939839495755101950e+01 1.475675672878978339e+01
2.734999999999999876e+00 1.455798262922322506e+00 6.671469086895619682e+01 3.972374973701262491e+01 1.493730746079988592e+01
2.745000000000000107e+00 1.458370124812782276e+00 6.724923667903675550e+01 4.005068586962526211e+01 1.510422680172607457e+01
