% raindrop T-matrix calculations using the code of Leinonen, J., "Python code for T-matrix scattering calculations". Available at https://github.com/jleinonen/pytmatrix/. 
% 
% refractive index calculations after Turner et al. (2005): An Improved Liquid Water Absorption Model at Microwave Frequencies for Supercooled Liquid Water Clouds  
% 
% raindrop aspect ratio estimated with the methodology of Brandes, Edward & Zhang, Guifu & Vivekanandan, Jothiram. (2005). Corrigendum. Journal of Applied Meteorology. 44. 186-. 10.1175/1520-0450(2005)44<186:C>2.0.CO;2. 
% 
% wave length: 1.498962 mm 
% temperature: 273.15 K 
% refractive index: 2.561481412083874254e+00 + 8.870255737113412753e-01 i 
% 
%r_eqv[mm]               axial ratio              ext[mm2]                 sca[mm2]                 back[mm2]
5.000000000000000104e-03 9.999900000999989436e-01 1.107868249783567238e-06 2.165689858340364442e-11 3.247545952189782306e-11
1.499999999999999944e-02 9.999900000999989436e-01 3.012798741199690481e-05 1.582811747361922892e-08 2.367720803837943771e-08
2.500000000000000139e-02 9.999900000999989436e-01 1.416023623001107332e-04 3.409493125005606696e-07 5.075460749200476782e-07
3.500000000000000333e-02 9.999900000999989436e-01 3.978586713556336407e-04 2.586070587689973379e-06 3.821655657190816782e-06
4.499999999999999833e-02 9.999900000999989436e-01 8.737234076046156107e-04 1.179368521401791664e-05 1.725931105920262856e-05
5.500000000000000028e-02 9.999900000999989436e-01 1.663823197638466178e-03 3.977310728497913212e-05 5.749832793016270403e-05
6.500000000000000222e-02 9.999900000999989436e-01 2.891675610220956032e-03 1.098379703186823624e-04 1.564677036123276403e-04
7.499999999999999722e-02 9.999900000999989436e-01 4.720888444406667189e-03 2.631627817669797637e-04 3.684645298806125198e-04
8.500000000000000611e-02 9.999900000999989436e-01 7.368738739620664738e-03 5.669734324829661274e-04 7.782035260154447328e-04
9.500000000000000111e-02 9.999900000999989436e-01 1.112223852579033966e-02 1.124716122930447502e-03 1.509206782376068361e-03
1.049999999999999961e-01 9.999900000999989436e-01 1.635641626499642273e-02 2.088158572950472771e-03 2.731510702687856614e-03
1.150000000000000050e-01 9.999900000999989436e-01 2.355386502792015599e-02 3.670999424338250612e-03 4.667060564291716437e-03
1.250000000000000000e-01 9.999900000999989436e-01 3.332337839612870001e-02 6.162892495810068892e-03 7.590387730734815194e-03
1.350000000000000089e-01 9.999900000999989436e-01 4.641361879989988615e-02 9.941778676344811827e-03 1.182142775480735444e-02
1.449999999999999900e-01 9.999900000999989436e-01 6.371502410693705154e-02 1.548101784192214454e-02 1.770701716771723097e-02
1.549999999999999989e-01 9.999900000999989436e-01 8.623970908222400311e-02 2.334615471260997541e-02 2.558842572649185076e-02
1.650000000000000078e-01 9.999900000999989436e-01 1.150656810195722635e-01 3.417477853811273780e-02 3.575535049857143238e-02
1.750000000000000167e-01 9.999900000999989436e-01 1.512302422884569952e-01 4.863249516978179060e-02 4.839238478947445465e-02
1.849999999999999978e-01 9.999900000999989436e-01 1.955617232174073628e-01 6.734001432841589529e-02 6.353116791124881202e-02
1.950000000000000067e-01 1.000344839311130496e+00 2.484850739869020886e-01 9.079259077773717268e-02 8.106327546901140324e-02
2.050000000000000155e-01 1.000376259251188893e+00 3.096660645677528634e-01 1.191639982034694428e-01 1.006063448208985300e-01
2.149999999999999967e-01 1.000431836433301802e+00 3.779901589522313698e-01 1.522961803077061416e-01 1.217215271333982884e-01
2.250000000000000056e-01 1.000511344221778787e+00 4.514504550557218443e-01 1.895576857230794887e-01 1.437994043224339602e-01
2.350000000000000144e-01 1.000614560248383578e+00 5.274135402915866022e-01 2.298642948136479236e-01 1.660530164869517822e-01
2.449999999999999956e-01 1.000741266305821942e+00 6.030855595777171452e-01 2.717898218965143498e-01 1.874628891451224355e-01
2.550000000000000044e-01 1.000891248244015541e+00 6.760496133843071354e-01 3.137697036366127179e-01 2.067736465329491347e-01
2.650000000000000133e-01 1.001064295869075416e+00 7.446778399364131218e-01 3.543435505338024538e-01 2.225978096298074915e-01
2.750000000000000222e-01 1.001260202844886926e+00 8.082997117041716972e-01 3.923655893195497901e-01 2.336041188148655079e-01
2.850000000000000311e-01 1.001478766597222014e+00 8.671376228856847446e-01 4.271338173773015501e-01 2.387095035349133809e-01
2.949999999999999845e-01 1.001719788220298835e+00 9.221019655664275394e-01 4.584267006991460391e-01 2.372008088142516791e-01
3.049999999999999933e-01 1.001983072385710605e+00 9.745424008271043048e-01 4.864672262768705568e-01 2.287713231584191931e-01
3.150000000000000022e-01 1.002268427253648841e+00 1.026014919876821141e+00 5.118432782707116324e-01 2.135084564092699089e-01
3.250000000000000111e-01 1.002575664386349930e+00 1.078089253769422884e+00 5.354088762829065651e-01 1.918884621112435240e-01
3.350000000000000200e-01 1.002904598663692415e+00 1.132198448200461227e+00 5.581781223965074368e-01 1.648174809236760407e-01
3.450000000000000289e-01 1.003255048200880628e+00 1.189526731591170616e+00 5.812164915037310031e-01 1.337211444278265660e-01
3.549999999999999822e-01 1.003626834268148693e+00 1.250926761218933869e+00 6.055299154195720179e-01 1.006408240643628382e-01
3.649999999999999911e-01 1.004019781212422524e+00 1.316858342935893988e+00 6.319551505416906023e-01 6.825958408139654043e-02
3.750000000000000000e-01 1.004433716380879638e+00 1.387343265303901729e+00 6.610592955554080996e-01 3.977714877910895619e-02
3.850000000000000089e-01 1.004868470046347273e+00 1.461946789408312908e+00 6.930668495695027076e-01 1.859169627676840811e-02
3.950000000000000178e-01 1.005323875334485528e+00 1.539808092795412087e+00 7.278338052549491177e-01 7.821026315556334554e-03
4.050000000000000266e-01 1.005799768152698448e+00 1.619747131833319864e+00 7.648874511186393166e-01 9.776531462260932420e-03
4.150000000000000355e-01 1.006295987120720881e+00 1.700450015222795708e+00 8.035314530641355368e-01 2.554780473809313904e-02
4.249999999999999889e-01 1.006812373502834479e+00 1.780701260588146706e+00 8.429960301594066063e-01 5.482962515737423159e-02
4.349999999999999978e-01 1.007348771141657329e+00 1.859597409999734108e+00 8.825918003132268153e-01 9.603146205847913619e-02
4.450000000000000067e-01 1.007905026393466796e+00 1.936682913687907570e+00 9.218272777551860253e-01 1.466030403677586469e-01
4.550000000000000155e-01 1.008480988065006079e+00 2.011978988074698993e+00 9.604658385063241655e-01 2.034415127794329814e-01
4.650000000000000244e-01 1.009076507351731156e+00 2.085918607018828919e+00 9.985219992215093043e-01 2.632571118718073921e-01
4.750000000000000333e-01 1.009691437777457068e+00 2.159225257756934191e+00 1.036214248305676433e+00 3.228275684377744925e-01
4.849999999999999867e-01 1.010325635135361333e+00 2.232776752132282994e+00 1.073898147014121784e+00 3.791427111464913402e-01
4.949999999999999956e-01 1.010978957430304748e+00 2.307481792695496914e+00 1.111997962374647875e+00 4.294793957961429709e-01
5.050000000000000044e-01 1.011651264822433394e+00 2.384181363935915066e+00 1.150948176801473988e+00 4.714581441861452893e-01
5.150000000000000133e-01 1.012342419572020980e+00 2.463575735103455067e+00 1.191148053978303922e+00 5.031179134245444828e-01
5.250000000000000222e-01 1.013052285985520662e+00 2.546175251762733183e+00 1.232929933280905166e+00 5.230173459381664003e-01
5.350000000000000311e-01 1.013780730362787486e+00 2.632272402012325152e+00 1.276538977492182481e+00 5.303508425135791127e-01
5.450000000000000400e-01 1.014527620945441466e+00 2.721937020229131754e+00 1.322124230097563968e+00 5.250460627706445838e-01
5.550000000000000488e-01 1.015292827866336012e+00 2.815034940261335272e+00 1.369739532032582696e+00 5.078114126025267128e-01
5.650000000000000577e-01 1.016076223100103704e+00 2.911268363384345470e+00 1.419353335395712401e+00 4.801057146902046324e-01
5.750000000000000666e-01 1.016877680414747243e+00 3.010232805936391642e+00 1.470866143562289619e+00 4.440264950649364106e-01
5.849999999999999645e-01 1.017697075324246692e+00 3.111480935120669145e+00 1.524132750309948436e+00 4.021339310201189621e-01
5.949999999999999734e-01 1.018534285042156151e+00 3.214581418037436578e+00 1.578984512757139802e+00 3.572399006970569113e-01
6.049999999999999822e-01 1.019389188436160998e+00 3.319165399859094645e+00 1.635250420181912245e+00 3.122006466042061557e-01
6.149999999999999911e-01 1.020261665983570154e+00 3.424952870792371762e+00 1.692771415008806901e+00 2.697388146060678560e-01
6.250000000000000000e-01 1.021151599727719406e+00 3.531763037138301975e+00 1.751410809429431836e+00 2.323100227937477669e-01
6.350000000000000089e-01 1.022058873235258902e+00 3.639507679491869485e+00 1.811057725824515963e+00 2.020143066749710281e-01
6.450000000000000178e-01 1.022983371554301524e+00 3.748175840378922707e+00 1.871626751145473389e+00 1.805434484981202348e-01
6.550000000000000266e-01 1.023924981173411908e+00 3.857814059481186053e+00 1.933055619718376139e+00 1.691552512587371493e-01
6.650000000000000355e-01 1.024883589981409493e+00 3.968505708326692361e+00 1.995300456749593998e+00 1.686620586630462881e-01
6.750000000000000444e-01 1.025859087227968924e+00 4.080353670914186104e+00 2.058332585715089813e+00 1.794307742086333757e-01
6.850000000000000533e-01 1.026851363484993174e+00 4.193466553574276112e+00 2.122134892545220808e+00 2.013879135536129350e-01
6.950000000000000622e-01 1.027860310608740946e+00 4.307948897485718298e+00 2.186699174237535015e+00 2.340324904072644541e-01
7.049999999999999600e-01 1.028885821702690384e+00 4.423896053075319301e+00 2.252025439675604090e+00 2.764573018616316435e-01
7.149999999999999689e-01 1.029927791081118427e+00 4.541391034158777096e+00 2.318120521834009296e+00 3.273784721479794935e-01
7.249999999999999778e-01 1.030986114233377604e+00 4.660504066754398877e+00 2.384998186161921829e+00 3.851766799004054942e-01
7.349999999999999867e-01 1.032060687788854958e+00 4.781293049663978501e+00 2.452678607562743363e+00 4.479482610717671620e-01
7.449999999999999956e-01 1.033151409482594651e+00 4.903804231388078527e+00 2.521188371834727437e+00 5.135687773596275818e-01
7.550000000000000044e-01 1.034258178121568061e+00 5.028071391231280884e+00 2.590559258258374964e+00 5.797639659883802032e-01
7.650000000000000133e-01 1.035380893551575587e+00 5.154116559543648890e+00 2.660826485354482074e+00 6.441948284183345308e-01
7.750000000000000222e-01 1.036519456624765523e+00 5.281948187292556440e+00 2.732026809492232200e+00 7.045471652767802961e-01
7.850000000000000311e-01 1.037673769167756666e+00 5.411560164854666510e+00 2.804195866252642944e+00 7.586287076957181075e-01
7.950000000000000400e-01 1.038843733950345127e+00 5.542931178529331149e+00 2.877365744482046406e+00 8.044687415455954449e-01
8.050000000000000488e-01 1.040029254654790458e+00 5.676023516444746342e+00 2.951561306759768133e+00 8.404156671312082993e-01
8.150000000000000577e-01 1.041230235845658436e+00 5.810784941260692449e+00 3.026798460846843231e+00 8.652276834668908290e-01
8.250000000000000666e-01 1.042446582940215416e+00 5.947150673795727371e+00 3.103082326148439485e+00 8.781512998730773845e-01
8.349999999999999645e-01 1.043678202179357140e+00 6.085047613007927403e+00 3.180406569583644760e+00 8.789783033584523952e-01
8.449999999999999734e-01 1.044925000599063569e+00 6.224399642453896320e+00 3.258753928851720438e+00 8.680805928300364682e-01
8.549999999999999822e-01 1.046186886002363758e+00 6.365133858648218457e+00 3.338097701224818525e+00 8.464145418374464658e-01
8.649999999999999911e-01 1.047463766931806317e+00 6.507186929251509433e+00 3.418404283790278608e+00 8.154938749978890566e-01
8.750000000000000000e-01 1.048755552642418598e+00 6.650511681050836010e+00 3.499636934160159640e+00 7.773333569192670822e-01
8.850000000000000089e-01 1.050062153075147497e+00 6.795082015257576380e+00 3.581759709427253302e+00 7.343624329384176308e-01
8.950000000000000178e-01 1.051383478830772988e+00 6.940896604970397732e+00 3.664740257298589654e+00 6.893145827468997178e-01
9.050000000000000266e-01 1.052719441144281065e+00 7.087977144974355603e+00 3.748554752593085126e+00 6.450989732139955635e-01
9.150000000000000355e-01 1.054069951859691656e+00 7.236372205361030652e+00 3.833189775534843857e+00 6.046611873790921354e-01
9.250000000000000444e-01 1.055434923405329073e+00 7.386150180561882550e+00 3.918643581133570031e+00 5.708383114842883188e-01
9.350000000000000533e-01 1.056814268769528553e+00 7.537395753774323914e+00 4.004927872389541399e+00 5.462177663504297342e-01
9.450000000000000622e-01 1.058207901476769797e+00 7.690202581547821659e+00 4.092066398702700170e+00 5.330074717646787752e-01
9.550000000000000711e-01 1.059615735564230832e+00 7.844665716661902266e+00 4.180092995351539997e+00 5.329185148246753378e-01
9.649999999999999689e-01 1.061037685558753330e+00 8.000874627226105318e+00 4.269049703382663097e+00 5.470740958542897880e-01
9.749999999999999778e-01 1.062473666454213594e+00 8.158906131708778986e+00 4.358983386165871110e+00 5.759425848143383542e-01
9.849999999999999867e-01 1.063923593689290348e+00 8.318818261856156582e+00 4.449941426968863745e+00 6.193017762037472673e-01
9.949999999999999956e-01 1.065387383125626419e+00 8.480646891755956318e+00 4.541969153110041901e+00 6.762401905518512502e-01
1.005000000000000115e+00 1.066864951026373021e+00 8.644403382229890909e+00 4.635105847587729144e+00 7.451890917726530228e-01
1.015000000000000124e+00 1.068356214035114826e+00 8.810075588190393603e+00 4.729382835565842491e+00 8.239943230266524310e-01
1.024999999999999911e+00 1.069861089155168976e+00 8.977629233665354036e+00 4.824820441715447217e+00 9.100151784180786629e-01
1.034999999999999920e+00 1.071379493729249344e+00 9.147013904165945064e+00 4.921429528930447717e+00 1.000254584559626014e+00
1.044999999999999929e+00 1.072911345419497398e+00 9.318168785126079712e+00 5.019207956121497283e+00 1.091500752334668034e+00
1.054999999999999938e+00 1.074456562187866782e+00 9.491021735966096884e+00 5.118145285826821045e+00 1.180505367805304129e+00
1.064999999999999947e+00 1.076015062276864054e+00 9.665508150355851313e+00 5.218222292104835347e+00 1.264118391265490970e+00
1.074999999999999956e+00 1.077586764190635593e+00 9.841568846730041287e+00 5.319413907179482592e+00 1.339458499226255928e+00
1.084999999999999964e+00 1.079171586676399119e+00 1.001915719694365059e+01 5.421692397619652937e+00 1.404047654306625592e+00
1.094999999999999973e+00 1.080769448706216718e+00 1.019824200235568945e+01 5.525028645860611043e+00 1.455926087888490095e+00
1.104999999999999982e+00 1.082380269459101152e+00 1.037881116616620680e+01 5.629396675047400933e+00 1.493742781930844199e+00
1.114999999999999991e+00 1.084003968303457022e+00 1.056087057236099724e+01 5.734774193876878812e+00 1.516810040763948653e+00
1.125000000000000000e+00 1.085640464779849657e+00 1.074444345708925397e+01 5.841145025288787984e+00 1.525132009975843639e+00
1.135000000000000009e+00 1.087289678584100638e+00 1.092956825202770865e+01 5.948500122492985653e+00 1.519395504715059131e+00
1.145000000000000018e+00 1.088951529550704622e+00 1.111629474708933785e+01 6.056838130498286787e+00 1.500933307461898458e+00
1.155000000000000027e+00 1.090625937636568565e+00 1.130467927215955726e+01 6.166164439870001956e+00 1.471663230594814076e+00
1.165000000000000036e+00 1.092312822905064262e+00 1.149478115850742554e+01 6.276491545413346529e+00 1.433993809017507060e+00
1.175000000000000044e+00 1.094012105510399513e+00 1.168665779843350450e+01 6.387837341164672722e+00 1.390719960383086429e+00
1.185000000000000053e+00 1.095723705682299487e+00 1.188036098024158704e+01 6.500224059614112093e+00 1.344897336775068730e+00
1.195000000000000062e+00 1.097447543710998508e+00 1.207593282594013218e+01 6.613675422563470185e+00 1.299708618820511807e+00
1.205000000000000071e+00 1.099183539932540254e+00 1.227340458610074059e+01 6.728216506256110563e+00 1.258323430916335361e+00
1.215000000000000080e+00 1.100931614714385054e+00 1.247279485525784182e+01 6.843870028927797833e+00 1.223737210074561377e+00
1.225000000000000089e+00 1.102691688441321372e+00 1.267410705426862627e+01 6.960658945954530274e+00 1.198731639265955273e+00
1.235000000000000098e+00 1.104463681501680172e+00 1.287733484187316968e+01 7.078599928407053099e+00 1.185630305092540748e+00
1.245000000000000107e+00 1.106247514273852595e+00 1.308246041097288348e+01 7.197706043842986290e+00 1.186277076662041630e+00
1.255000000000000115e+00 1.108043107113107384e+00 1.328945691816027086e+01 7.317984642377426852e+00 1.201939660884750571e+00
1.265000000000000124e+00 1.109850380338708309e+00 1.349829102046422058e+01 7.439437803042239672e+00 1.233270629527228435e+00
1.275000000000000133e+00 1.111669254221331116e+00 1.370893065719431192e+01 7.562064141446496635e+00 1.280236701843296521e+00
1.284999999999999920e+00 1.113499648970778022e+00 1.392134072533326616e+01 7.685856529487139710e+00 1.342187005483645335e+00
1.294999999999999929e+00 1.115341484723989307e+00 1.413549132354791205e+01 7.810805575903351894e+00 1.417846221037631915e+00
1.304999999999999938e+00 1.117194681533353773e+00 1.435135777269629287e+01 7.936898798755347428e+00 1.505379177747332653e+00
1.314999999999999947e+00 1.119059159355313193e+00 1.456892390332201970e+01 8.064123415754817614e+00 1.602474014486882981e+00
1.324999999999999956e+00 1.120934838039265857e+00 1.478818223514393004e+01 8.192466483555207901e+00 1.706441212934906249e+00
1.334999999999999964e+00 1.122821637316764765e+00 1.500913533324882287e+01 8.321917150662290652e+00 1.814326529121881304e+00
1.344999999999999973e+00 1.124719476791012696e+00 1.523179513712301869e+01 8.452466282710211942e+00 1.923038346721370750e+00
1.354999999999999982e+00 1.126628275926654377e+00 1.545617795861347510e+01 8.584107847056491991e+00 2.029466401900875905e+00
1.364999999999999991e+00 1.128547954039863965e+00 1.568231787211512618e+01 8.716840436615713728e+00 2.130633648516799816e+00
1.375000000000000000e+00 1.130478430288730518e+00 1.591024490914021250e+01 8.850665907336741967e+00 2.223783591770644552e+00
1.385000000000000009e+00 1.132419623663941444e+00 1.613999434472286865e+01 8.985589863339548344e+00 2.306516412894610291e+00
1.395000000000000018e+00 1.134371452979762385e+00 1.637160280775912469e+01 9.121621615836636110e+00 2.376876550412185374e+00
1.405000000000000027e+00 1.136333836865317526e+00 1.660510570084074899e+01 9.258773880427870751e+00 2.433435534980265658e+00
1.415000000000000036e+00 1.138306693756168331e+00 1.684053428884073256e+01 9.397060910243848042e+00 2.475347149750293241e+00
1.425000000000000044e+00 1.140289941886192482e+00 1.707791516327863235e+01 9.536498735027926443e+00 2.502380002072243315e+00
1.435000000000000053e+00 1.142283499279765024e+00 1.731726864485390749e+01 9.677104115563887277e+00 2.514935336425555779e+00
1.445000000000000062e+00 1.144287283744239936e+00 1.755860774244021272e+01 9.818892755172987208e+00 2.514018992779270434e+00
1.455000000000000071e+00 1.146301212862736563e+00 1.780193101433679459e+01 9.961878441014057728e+00 2.501194902774940054e+00
1.465000000000000080e+00 1.148325203987230259e+00 1.804725003716156806e+01 1.010607593290236217e+01 2.478568974422440174e+00
1.475000000000000089e+00 1.150359174231948334e+00 1.829455143998508149e+01 1.025149393203662207e+01 2.448635628380993801e+00
1.485000000000000098e+00 1.152403040467071982e+00 1.854382308995994322e+01 1.039813999325036065e+01 2.414220269352310932e+00
1.495000000000000107e+00 1.154456719312749513e+00 1.879504936397467318e+01 1.054601809775520138e+01 2.378348118409800538e+00
1.505000000000000115e+00 1.156520127133416675e+00 1.904821298541751418e+01 1.069512941293652730e+01 2.344130048213016071e+00
1.515000000000000124e+00 1.158593180032429393e+00 1.930329726198160145e+01 1.084547311287736804e+01 2.314631833813702411e+00
1.525000000000000133e+00 1.160675793847010029e+00 1.956028668639460477e+01 1.099704521119752343e+01 2.292750769427934543e+00
1.535000000000000142e+00 1.162767884143507846e+00 1.981916329667661714e+01 1.114984015748960289e+01 2.281121146200889349e+00
1.544999999999999929e+00 1.164869366212974766e+00 2.007993033370027192e+01 1.130385324734481500e+01 2.281939777065418617e+00
1.554999999999999938e+00 1.166980155067061542e+00 2.034258092804602214e+01 1.145907805774107757e+01 2.296975927430780384e+00
1.564999999999999947e+00 1.169100165434231231e+00 2.060711881603532092e+01 1.161550959625246193e+01 2.327441896467167481e+00
1.574999999999999956e+00 1.171229311756297298e+00 2.087355336024123176e+01 1.177314367027958575e+01 2.373963844272536594e+00
1.584999999999999964e+00 1.173367508185281460e+00 2.114189892729244136e+01 1.193197791223356674e+01 2.436555951134606435e+00
1.594999999999999973e+00 1.175514668580601496e+00 2.141217456519727946e+01 1.209201226029096787e+01 2.514627949929108652e+00
1.604999999999999982e+00 1.177670706506583453e+00 2.168440274116091260e+01 1.225324904858131347e+01 2.607004269781165728e+00
1.614999999999999991e+00 1.179835535230304933e+00 2.195860808433708300e+01 1.241569259185152063e+01 2.711976513981236625e+00
1.625000000000000000e+00 1.182009067719768769e+00 2.223481562568630920e+01 1.257934984944514767e+01 2.827370640136035007e+00
1.635000000000000009e+00 1.184191216642411337e+00 2.251304250032756471e+01 1.274422844032028834e+01 2.950620270194673544e+00
1.645000000000000018e+00 1.186381894363947032e+00 2.279332455184162853e+01 1.291034014955140741e+01 3.078916340029408616e+00
1.655000000000000027e+00 1.188581012947548476e+00 2.307567506406655866e+01 1.307769499826344983e+01 3.209244934733864518e+00
1.665000000000000036e+00 1.190788484153369131e+00 2.336010948183915303e+01 1.324630469628867502e+01 3.338554225906423589e+00
1.675000000000000044e+00 1.193004219438406732e+00 2.364663943479472508e+01 1.341618073266531752e+01 3.463856999605205989e+00
1.685000000000000053e+00 1.195228129956711127e+00 2.393527100241215422e+01 1.358733356351963018e+01 3.582349411549163420e+00
1.695000000000000062e+00 1.197460126559938276e+00 2.422600679120711220e+01 1.375977316589354160e+01 3.691516711813554785e+00
1.705000000000000071e+00 1.199700119798254416e+00 2.451884442374702289e+01 1.393350690527094926e+01 3.789230430238087255e+00
1.715000000000000080e+00 1.201948019921588173e+00 2.481377973056367026e+01 1.410854217275197797e+01 3.873827608964414360e+00
1.725000000000000089e+00 1.204203736881238829e+00 2.511080458570851093e+01 1.428488273619804261e+01 3.944175676533810293e+00
1.735000000000000098e+00 1.206467180331836975e+00 2.540991053313864967e+01 1.446253149299610996e+01 3.999712311088162053e+00
1.745000000000000107e+00 1.208738259633664436e+00 2.571108801511822506e+01 1.464148864862121968e+01 4.040465317870844508e+00
1.755000000000000115e+00 1.211016883855332349e+00 2.601431976152159820e+01 1.482175494351566769e+01 4.067001376022060022e+00
1.765000000000000124e+00 1.213302961776821398e+00 2.631961808133002378e+01 1.500332830259736561e+01 4.080576621335927356e+00
1.775000000000000133e+00 1.215596401892885980e+00 2.662697036130718331e+01 1.518620607677836531e+01 4.082844955652604746e+00
1.785000000000000142e+00 1.217897112416823635e+00 2.693637636534442237e+01 1.537038595483333125e+01 4.075944672940429392e+00
1.794999999999999929e+00 1.220205001284612623e+00 2.724783941709638313e+01 1.555586571583539346e+01 4.062379729665172690e+00
1.804999999999999938e+00 1.222519976159418986e+00 2.756136620422535444e+01 1.574264346229151279e+01 4.044925052592854620e+00
1.814999999999999947e+00 1.224841944436477315e+00 2.787696740881701274e+01 1.593071897550506577e+01 4.026522303351256049e+00
1.824999999999999956e+00 1.227170813248343206e+00 2.819465596013877473e+01 1.612009227798675681e+01 4.010168189733466448e+00
1.834999999999999964e+00 1.229506489470522324e+00 2.851444748125000217e+01 1.631076520522458395e+01 3.998803849018069734e+00
1.844999999999999973e+00 1.231848879727479362e+00 2.883635427425010533e+01 1.650274333398048299e+01 3.995292790240094760e+00
1.854999999999999982e+00 1.234197890399023168e+00 2.916040404575053557e+01 1.669602812817226223e+01 4.001997430918363463e+00
1.864999999999999991e+00 1.236553427627077095e+00 2.948661004504263516e+01 1.689062738739198721e+01 4.021141993198966702e+00
1.875000000000000000e+00 1.238915397322829737e+00 2.981498868389601853e+01 1.708654735048140694e+01 4.054448186925031727e+00
1.885000000000000009e+00 1.241283705174272667e+00 3.014555561507865278e+01 1.728379678423430477e+01 4.103143255357469599e+00
1.895000000000000018e+00 1.243658256654124994e+00 3.047832332874464356e+01 1.748238366620246609e+01 4.167913693050802948e+00
1.905000000000000027e+00 1.246038957028144711e+00 3.081330207998176363e+01 1.768231647744678625e+01 4.248885665241028953e+00
1.915000000000000036e+00 1.248425711363831514e+00 3.115049908983433014e+01 1.788360364278854675e+01 4.345622915077875348e+00
1.925000000000000044e+00 1.250818424539521745e+00 3.148991811601538870e+01 1.808625209251452048e+01 4.457140465748289593e+00
1.935000000000000053e+00 1.253217001253874363e+00 3.183156098932080980e+01 1.829026909993923056e+01 4.581949321281718390e+00
1.945000000000000062e+00 1.255621346035752151e+00 3.217543488953815256e+01 1.849566486461406356e+01 4.718050488901219808e+00
1.955000000000000071e+00 1.258031363254499713e+00 3.252152245806413333e+01 1.870243541421715605e+01 4.863235703986286573e+00
1.965000000000000080e+00 1.260446957130616275e+00 3.286982637210013536e+01 1.891058771251557147e+01 5.014842098087202160e+00
1.975000000000000089e+00 1.262868031746829489e+00 3.322034258673046736e+01 1.912012450384556672e+01 5.170060969407886731e+00
1.985000000000000098e+00 1.265294491059563597e+00 3.357306657684119955e+01 1.933104654314021076e+01 5.325993598424399345e+00
1.995000000000000107e+00 1.267726238910813485e+00 3.392799529424983973e+01 1.954335416640903134e+01 5.479750458671332147e+00
2.004999999999999893e+00 1.270163179040415979e+00 3.428512653491040396e+01 1.975704684588603399e+01 5.628560220607767839e+00
2.015000000000000124e+00 1.272605215098723486e+00 3.464446102864180688e+01 1.997212447642092670e+01 5.769867476251023142e+00
2.024999999999999911e+00 1.275052250659680864e+00 3.500602263396736191e+01 2.018859248528416472e+01 5.901356818509291280e+00
2.035000000000000142e+00 1.277504189234306420e+00 3.536977663910882086e+01 2.040643834635861253e+01 6.021263512018207642e+00
2.044999999999999929e+00 1.279960934284574359e+00 3.573575644531324258e+01 2.062567052845667348e+01 6.128155492024946582e+00
2.055000000000000160e+00 1.282422389237703575e+00 3.610395651885016122e+01 2.084628498635129290e+01 6.221070801047274834e+00
2.064999999999999947e+00 1.284888457500850345e+00 3.647439503109887937e+01 2.106828578936070784e+01 6.299637567873619837e+00
2.075000000000000178e+00 1.287359042476205584e+00 3.684708292557326104e+01 2.129167419390348925e+01 6.364010009632319331e+00
2.084999999999999964e+00 1.289834047576496001e+00 3.722203411764230196e+01 2.151645489533151334e+01 6.414873482487133849e+00
2.095000000000000195e+00 1.292313376240894485e+00 3.759926223616754015e+01 2.174263229095239325e+01 6.453414194057277342e+00
2.104999999999999982e+00 1.294796931951329721e+00 3.797877894825108314e+01 2.197021023239885906e+01 6.481288290038667022e+00
2.115000000000000213e+00 1.297284618249205046e+00 3.836059624559268855e+01 2.219919470404793316e+01 6.500548143458480865e+00
2.125000000000000000e+00 1.299776338752518745e+00 3.874473658432722800e+01 2.242959426089722541e+01 6.513525292078439222e+00
2.135000000000000231e+00 1.302271997173391371e+00 3.913118839295866991e+01 2.266141144826215736e+01 6.522940880295611699e+00
2.145000000000000018e+00 1.304771497335994956e+00 3.951996782747376358e+01 2.289465413770832924e+01 6.531526475278294441e+00
2.155000000000000249e+00 1.307274743194883682e+00 3.991107991677330347e+01 2.312932834415304129e+01 6.542117237348291425e+00
2.165000000000000036e+00 1.309781638853730668e+00 4.030452741809952499e+01 2.336543912008625767e+01 6.557496004212252316e+00
2.175000000000000266e+00 1.312292088584462002e+00 4.070031196993485878e+01 2.360299184108589898e+01 6.580305210038211783e+00
2.185000000000000053e+00 1.314805996846795111e+00 4.109843352221375312e+01 2.384199095300391136e+01 6.612954588423224145e+00
2.194999999999999840e+00 1.317323268308171258e+00 4.149889048763674282e+01 2.408243914488565096e+01 6.657535214894070741e+00
2.205000000000000071e+00 1.319843807864092611e+00 4.190168086497436661e+01 2.432433920506337444e+01 6.715755715815075355e+00
2.214999999999999858e+00 1.322367520658849438e+00 4.230680303939151088e+01 2.456769348032083400e+01 6.788874074379696921e+00
2.225000000000000089e+00 1.324894312106648098e+00 4.271427740196104139e+01 2.481250546832325199e+01 6.877738377233487910e+00
2.234999999999999876e+00 1.327424087913126938e+00 4.312406245434764429e+01 2.505877051548936407e+01 6.982478480555301736e+00
2.245000000000000107e+00 1.329956754097271210e+00 4.353617653277053279e+01 2.530649086516843482e+01 7.102908546376668575e+00
2.254999999999999893e+00 1.332492217013710345e+00 4.395062194086834495e+01 2.555566742148670301e+01 7.238272486321915444e+00
2.265000000000000124e+00 1.335030383375409135e+00 4.436740147982524718e+01 2.580630036326757093e+01 7.387340006040729712e+00
2.274999999999999911e+00 1.337571160276742388e+00 4.478651890070644015e+01 2.605838896367048818e+01 7.548444293866270804e+00
2.285000000000000142e+00 1.340114455216953049e+00 4.520799586834662875e+01 2.631193652287110751e+01 7.719533883796272811e+00
2.294999999999999929e+00 1.342660176123993576e+00 4.563181333280878960e+01 2.656694109947546423e+01 7.898313383863856174e+00
2.305000000000000160e+00 1.345208231378743458e+00 4.605799097796346331e+01 2.682340488554694247e+01 8.082209460926835121e+00
2.314999999999999947e+00 1.347758529839606201e+00 4.648653943612793427e+01 2.708133159522238032e+01 8.268538303258837985e+00
2.325000000000000178e+00 1.350310980867478472e+00 4.691746687866455545e+01 2.734072262471880777e+01 8.454576821118108043e+00
2.334999999999999964e+00 1.352865494351088493e+00 4.735078390950582872e+01 2.760158239721686257e+01 8.637658069777714331e+00
2.345000000000000195e+00 1.355421980732705700e+00 4.778649972318472550e+01 2.786391507541407719e+01 8.815257488876497405e+00
2.354999999999999982e+00 1.357980351034212774e+00 4.822463266293269868e+01 2.812772441059459894e+01 8.985037002289962160e+00
2.365000000000000213e+00 1.360540516883539608e+00 4.866517196209550633e+01 2.839301574453792654e+01 9.145091797577302728e+00
2.375000000000000000e+00 1.363102390541456321e+00 4.910813165274300474e+01 2.865979254509717578e+01 9.293773364229522826e+00
2.385000000000000231e+00 1.365665884928720875e+00 4.955351776998919888e+01 2.892806067619267196e+01 9.429887877336973645e+00
2.395000000000000018e+00 1.368230913653576408e+00 5.000133262867565520e+01 2.919782323801619839e+01 9.552717637456323629e+00
2.405000000000000249e+00 1.370797391039600077e+00 5.045157974449897864e+01 2.946908561996591658e+01 9.662017238853346512e+00
2.415000000000000036e+00 1.373365232153893167e+00 5.090425957496172060e+01 2.974185071765361599e+01 9.758041272170018487e+00
2.425000000000000266e+00 1.375934352835608943e+00 5.135937229262735571e+01 3.001612178528224817e+01 9.841524648948347220e+00
2.435000000000000053e+00 1.378504669724822440e+00 5.181692811239808805e+01 3.029190034346421356e+01 9.913775851937300487e+00
2.444999999999999840e+00 1.381076100291728892e+00 5.227690665104579892e+01 3.056918970041313344e+01 9.976175126612927713e+00
2.455000000000000071e+00 1.383648562866170106e+00 5.273931626777198289e+01 3.084799114277176812e+01 1.003078251033883461e+01
2.464999999999999858e+00 1.386221976667483702e+00 5.320415558068424389e+01 3.112830452154330985e+01 1.007984027942121585e+01
2.475000000000000089e+00 1.388796261834676082e+00 5.367142612056704110e+01 3.141013216023647914e+01 1.012580772548682617e+01
2.484999999999999876e+00 1.391371339456903167e+00 5.414112729413230340e+01 3.169347295115205654e+01 1.017127440736305743e+01
2.495000000000000107e+00 1.393947131604270639e+00 5.461326231378358642e+01 3.197832875330395552e+01 1.021887185992522618e+01
2.504999999999999893e+00 1.396523561358930632e+00 5.508783306650263256e+01 3.226469887275455051e+01 1.027118664771997736e+01
2.515000000000000124e+00 1.399100552846486600e+00 5.556484367438056893e+01 3.255258417795330672e+01 1.033067422436604055e+01
2.524999999999999911e+00 1.401678031267691527e+00 5.604430657658958381e+01 3.284198315415571301e+01 1.039943364591821862e+01
2.535000000000000142e+00 1.404255922930439437e+00 5.652621470398540993e+01 3.313290156739250847e+01 1.047969700312364161e+01
2.544999999999999929e+00 1.406834155282040921e+00 5.701058101184580806e+01 3.342533904645846121e+01 1.057295244605084328e+01
2.555000000000000160e+00 1.409412656941783526e+00 5.749741170172351445e+01 3.371929700445483036e+01 1.068042437413242851e+01
2.564999999999999947e+00 1.411991357733769048e+00 5.798671475431007849e+01 3.401477849967812972e+01 1.080288505259769849e+01
2.575000000000000178e+00 1.414570188720020605e+00 5.847849727182575919e+01 3.431178636489781297e+01 1.094065811163322799e+01
2.584999999999999964e+00 1.417149082233858159e+00 5.897276653805901248e+01 3.461032435181856215e+01 1.109359388636038446e+01
2.595000000000000195e+00 1.419727971913536280e+00 5.946952792342319327e+01 3.491039466572279082e+01 1.126109501738297425e+01
2.604999999999999982e+00 1.422306792736138581e+00 5.996878747844896651e+01 3.521200135029864953e+01 1.144210990258611460e+01
2.615000000000000213e+00 1.424885481051721747e+00 6.047055008891623373e+01 3.551514857536870551e+01 1.163520001486454625e+01
2.625000000000000000e+00 1.427463974617710019e+00 6.097481952087294133e+01 3.581983957439129540e+01 1.183856531345690932e+01
2.635000000000000231e+00 1.430042212633526821e+00 6.148158024765881891e+01 3.612606552903852020e+01 1.205012988515776584e+01
2.645000000000000018e+00 1.432620135775467096e+00 6.199086664579129291e+01 3.643385094827559101e+01 1.226756585204772598e+01
2.655000000000000249e+00 1.435197686231796554e+00 6.250266589701963937e+01 3.674318987172132012e+01 1.248844299123625312e+01
2.665000000000000036e+00 1.437774807738079197e+00 6.301697841922310062e+01 3.705408452529819385e+01 1.271025031032725749e+01
2.675000000000000266e+00 1.440351445612727099e+00 6.353378467950672359e+01 3.736652557816947251e+01 1.293060479593452961e+01
2.685000000000000053e+00 1.442927546792763360e+00 6.405311911636735545e+01 3.768053418242259056e+01 1.314694598278442328e+01
2.694999999999999840e+00 1.445503059869796658e+00 6.457496581438064709e+01 3.799610242496423496e+01 1.335714325283532666e+01
2.705000000000000071e+00 1.448077935126202975e+00 6.509931469631911227e+01 3.831322771167462804e+01 1.355917459646849288e+01
2.714999999999999858e+00 1.450652124571508272e+00 6.562618629997426467e+01 3.863191788579261043e+01 1.375151489099844859e+01
2.725000000000000089e+00 1.453225581978965009e+00 6.615557306937714088e+01 3.895217078789680443e+01 1.393282439535191308e+01
2.734999999999999876e+00 1.455798262922322506e+00 6.668747736188726094e+01 3.927398690202397802e+01 1.410223619992797239e+01
2.745000000000000107e+00 1.458370124812782276e+00 6.722190284003566774e+01 3.959736749831272107e+01 1.425930361065544894e+01
