% raindrop T-matrix calculations using the code of Leinonen, J., "Python code for T-matrix scattering calculations". Available at https://github.com/jleinonen/pytmatrix/. 
% 
% refractive index calculations after Turner et al. (2005): An Improved Liquid Water Absorption Model at Microwave Frequencies for Supercooled Liquid Water Clouds  
% 
% raindrop aspect ratio estimated with the methodology of Brandes, Edward & Zhang, Guifu & Vivekanandan, Jothiram. (2005). Corrigendum. Journal of Applied Meteorology. 44. 186-. 10.1175/1520-0450(2005)44<186:C>2.0.CO;2. 
% 
% wave length: 1.498962 mm 
% temperature: 268.15 K 
% refractive index: 2.519203988399494776e+00 + 7.946639176781400415e-01 i 
% 
%r_eqv[mm]               axial ratio              ext[mm2]                 sca[mm2]                 back[mm2]
5.000000000000000104e-03 9.999900000999989436e-01 1.047669161567941081e-06 2.047138598464911776e-11 3.069777726077114134e-11
1.499999999999999944e-02 9.999900000999989436e-01 2.848190112048440442e-05 1.496014478635673059e-08 2.237910111292880209e-08
2.500000000000000139e-02 9.999900000999989436e-01 1.337825458947509939e-04 3.221879342428800521e-07 4.796336998369101478e-07
3.500000000000000333e-02 9.999900000999989436e-01 3.755460577524703802e-04 2.443050523059185733e-06 3.610523377025632892e-06
4.499999999999999833e-02 9.999900000999989436e-01 8.237593646461773738e-04 1.113720271924297487e-05 1.630004068553866456e-05
5.500000000000000028e-02 9.999900000999989436e-01 1.566488395562887995e-03 3.754180218744109903e-05 5.427861413494327589e-05
6.500000000000000222e-02 9.999900000999989436e-01 2.718211018836358146e-03 1.036203317627094954e-04 1.476275545652806884e-04
7.499999999999999722e-02 9.999900000999989436e-01 4.430086919442102061e-03 2.481170355457410566e-04 3.474303192569112983e-04
8.500000000000000611e-02 9.999900000999989436e-01 6.902430016826713831e-03 5.342119203819224076e-04 7.332522073638903740e-04
9.500000000000000111e-02 9.999900000999989436e-01 1.039952326907874446e-02 1.059011416284418071e-03 1.420869967543270064e-03
1.049999999999999961e-01 9.999900000999989436e-01 1.526664702386892371e-02 1.964847412107930714e-03 2.569265159216559905e-03
1.150000000000000050e-01 9.999900000999989436e-01 2.194866219502091681e-02 3.452033500331943595e-03 4.385312252345049087e-03
1.250000000000000000e-01 9.999900000999989436e-01 3.100858248676094039e-02 5.792170304684689068e-03 7.123854428973968970e-03
1.350000000000000089e-01 9.999900000999989436e-01 4.314312594584272104e-02 9.340240224180918274e-03 1.108010818528653435e-02
1.449999999999999900e-01 9.999900000999989436e-01 5.919012585431158990e-02 1.454255702942499479e-02 1.657091991648555751e-02
1.549999999999999989e-01 9.999900000999989436e-01 8.011989266866426096e-02 2.193631764770289511e-02 2.390210796576465457e-02
1.650000000000000078e-01 9.999900000999989436e-01 1.069993324015160313e-01 3.213524831716672858e-02 3.332185512327280608e-02
1.750000000000000167e-01 9.999900000999989436e-01 1.409149730818773094e-01 4.579547643838460802e-02 4.496608080572152277e-02
1.849999999999999978e-01 9.999900000999989436e-01 1.828409071159274590e-01 6.355685655189528827e-02 5.881030856336372237e-02
1.950000000000000067e-01 1.000344839311130496e+00 2.334724424760596662e-01 8.597799432940315956e-02 7.468651888367665304e-02
2.050000000000000155e-01 1.000376259251188893e+00 2.928789302289386276e-01 1.133600479519974447e-01 9.217875199078236215e-02
2.149999999999999967e-01 1.000431836433301802e+00 3.604102934288647697e-01 1.457313480560635255e-01 1.108775105970905006e-01
2.250000000000000056e-01 1.000511344221778787e+00 4.344613659135662109e-01 1.826886873513009490e-01 1.303347789930117129e-01
2.350000000000000144e-01 1.000614560248383578e+00 5.125745875354881242e-01 2.233661665811694508e-01 1.500912323723868902e-01
2.449999999999999956e-01 1.000741266305821942e+00 5.918039395526585311e-01 2.664781773837806567e-01 1.695744772733822070e-01
2.550000000000000044e-01 1.000891248244015541e+00 6.692862133977119932e-01 3.104690268070823267e-01 1.879584548799088373e-01
2.650000000000000133e-01 1.001064295869075416e+00 7.428068640742866435e-01 3.537428718614569201e-01 2.041102011577637654e-01
2.750000000000000222e-01 1.001260202844886926e+00 8.111471078915986066e-01 3.949073487342166233e-01 2.166993997914259951e-01
2.850000000000000311e-01 1.001478766597222014e+00 8.741338232300478461e-01 4.329599350153362503e-01 2.244248114425999863e-01
2.949999999999999845e-01 1.001719788220298835e+00 9.324635298569319275e-01 4.673801568832066655e-01 2.262399717803145194e-01
3.049999999999999933e-01 1.001983072385710605e+00 9.874286235319900129e-01 4.981333132985713563e-01 2.214913451108066755e-01
3.150000000000000022e-01 1.002268427253648841e+00 1.040642659644782420e+00 5.256140052395139595e-01 2.099591963514110815e-01
3.250000000000000111e-01 1.002575664386349930e+00 1.093806945539435249e+00 5.505590626027188073e-01 1.918525206789948034e-01
3.350000000000000200e-01 1.002904598663692415e+00 1.148523893321425460e+00 5.739457572489836679e-01 1.678182153039155522e-01
3.450000000000000289e-01 1.003255048200880628e+00 1.206153041437390661e+00 5.968824405326963456e-01 1.390045986115158727e-01
3.549999999999999822e-01 1.003626834268148693e+00 1.267705165014894941e+00 6.204903858998425115e-01 1.071680417505588012e-01
3.649999999999999911e-01 1.004019781212422524e+00 1.333772261879086596e+00 6.457794334032581629e-01 7.476155250117853812e-02
3.750000000000000000e-01 1.004433716380879638e+00 1.404486599291409510e+00 6.735235176584147831e-01 4.490503274588816124e-02
3.850000000000000089e-01 1.004868470046347273e+00 1.479505526524202530e+00 7.041534646617737536e-01 2.115170347853414720e-02
3.950000000000000178e-01 1.005323875334485528e+00 1.558029804277660579e+00 7.376912494264823428e-01 7.031298246035809843e-03
4.050000000000000266e-01 1.005799768152698448e+00 1.638878353731242354e+00 7.737502578788306717e-01 5.454610130343787340e-03
4.150000000000000355e-01 1.006295987120720881e+00 1.720643911930376913e+00 8.116177197613296812e-01 1.815057251762652868e-02
4.249999999999999889e-01 1.006812373502834479e+00 1.801921786791630620e+00 8.504085230181446242e-01 4.532250539600973793e-02
4.349999999999999978e-01 1.007348771141657329e+00 1.881562995477170208e+00 8.892536643352179082e-01 8.563491601844483436e-02
4.450000000000000067e-01 1.007905026393466796e+00 1.958876388936147572e+00 9.274705154780737981e-01 1.365090840533486893e-01
4.550000000000000155e-01 1.008480988065006079e+00 2.033721179845631166e+00 9.646707878066873576e-01 1.945926888135935118e-01
4.650000000000000244e-01 1.009076507351731156e+00 2.106477297417083339e+00 1.000789946064824187e+00 2.562316318031100937e-01
4.750000000000000333e-01 1.009691437777457068e+00 2.177924470681437796e+00 1.036048838788093507e+00 3.178241314534647199e-01
4.849999999999999867e-01 1.010325635135361333e+00 2.249081979240671103e+00 1.070876076792556697e+00 3.760240142014176223e-01
4.949999999999999956e-01 1.010978957430304748e+00 2.321051743951493496e+00 1.105818104926676870e+00 4.278309303649319162e-01
5.050000000000000044e-01 1.011651264822433394e+00 2.394888897046634657e+00 1.141457011091609575e+00 4.706395395055979480e-01
5.150000000000000133e-01 1.012342419572020980e+00 2.471503809147960862e+00 1.178343648954619294e+00 5.023025167371232280e-01
5.250000000000000222e-01 1.013052285985520662e+00 2.551591547015642725e+00 1.216948319598599282e+00 5.212376309701055588e-01
5.350000000000000311e-01 1.013780730362787486e+00 2.635585082187033912e+00 1.257627159943527140e+00 5.265674597600618068e-01
5.450000000000000400e-01 1.014527620945441466e+00 2.723633757507178732e+00 1.300603707421617905e+00 5.182541214217140091e-01
5.550000000000000488e-01 1.015292827866336012e+00 2.815611692370903363e+00 1.345965104311305005e+00 4.971793791497333692e-01
5.650000000000000577e-01 1.016076223100103704e+00 2.911159246096796771e+00 1.393672779407712614e+00 4.651235012531002022e-01
5.750000000000000666e-01 1.016877680414747243e+00 3.009754635601636696e+00 1.443586304881184557e+00 4.246264494267392720e-01
5.849999999999999645e-01 1.017697075324246692e+00 3.110804558002595144e+00 1.495497457849803480e+00 3.787479444916413418e-01
5.949999999999999734e-01 1.018534285042156151e+00 3.213734075515577882e+00 1.549166405749028419e+00 3.307733437468295401e-01
6.049999999999999822e-01 1.019389188436160998e+00 3.318060847992203577e+00 1.604355916649500280e+00 2.839243370653204979e-01
6.149999999999999911e-01 1.020261665983570154e+00 3.423439714115360299e+00 1.660856044359658501e+00 2.411238722989074712e-01
6.250000000000000000e-01 1.021151599727719406e+00 3.529677473035259361e+00 1.718499532934911533e+00 2.048404352035562703e-01
6.350000000000000089e-01 1.022058873235258902e+00 3.636720380171221567e+00 1.777165208517854644e+00 1.770090482264622678e-01
6.450000000000000178e-01 1.022983371554301524e+00 3.744626063518758485e+00 1.836775559945366787e+00 1.590132536299675159e-01
6.550000000000000266e-01 1.023924981173411908e+00 3.853526177785901119e+00 1.897287470538145948e+00 1.517027345885366418e-01
6.650000000000000355e-01 1.024883589981409493e+00 3.963590855327046469e+00 1.958683266814413182e+00 1.554300195056891876e-01
6.750000000000000444e-01 1.025859087227968924e+00 4.074997292815896621e+00 2.020960371622267715e+00 1.700914675424175793e-01
6.850000000000000533e-01 1.026851363484993174e+00 4.187906380091738434e+00 2.084123604342455582e+00 1.951711038026182343e-01
6.950000000000000622e-01 1.027860310608740946e+00 4.302447858332697272e+00 2.148179358540485140e+00 2.297860514076770777e-01
7.049999999999999600e-01 1.028885821702690384e+00 4.418713914074539062e+00 2.213132615966438621e+00 2.727347714060748829e-01
7.149999999999999689e-01 1.029927791081118427e+00 4.536758110012462097e+00 2.278984719122296276e+00 3.225505869153260652e-01
7.249999999999999778e-01 1.030986114233377604e+00 4.656600890519333014e+00 2.345734107927978762e+00 3.775583427770431433e-01
7.349999999999999867e-01 1.032060687788854958e+00 4.778236699559770706e+00 2.413377407623128246e+00 4.359346815921169571e-01
7.449999999999999956e-01 1.033151409482594651e+00 4.901643263554437802e+00 2.481911064484463303e+00 4.957671837992251862e-01
7.550000000000000044e-01 1.034258178121568061e+00 5.026787865066150829e+00 2.551332958458146116e+00 5.551125268710134231e-01
7.650000000000000133e-01 1.035380893551575587e+00 5.153635477419431510e+00 2.621643866317793670e+00 6.120556765507230157e-01
7.750000000000000222e-01 1.036519456624765523e+00 5.282151651968066020e+00 2.692848099269716577e+00 6.647645692797182759e-01
7.850000000000000311e-01 1.037673769167756666e+00 5.412303891564710590e+00 2.764953112472895214e+00 7.115472476134743207e-01
7.950000000000000400e-01 1.038843733950345127e+00 5.544061286779193409e+00 2.837968597183987196e+00 7.509089096044461176e-01
8.050000000000000488e-01 1.040029254654790458e+00 5.677393422124563216e+00 2.911905244979669849e+00 7.816096488277602949e-01
8.150000000000000577e-01 1.041230235845658436e+00 5.812267507355524998e+00 2.986771915545586520e+00 8.027210284057642031e-01
8.250000000000000666e-01 1.042446582940215416e+00 5.948647591322084871e+00 3.062574577656872243e+00 8.136805414349099763e-01
8.349999999999999645e-01 1.043678202179357140e+00 6.086493480461428796e+00 3.139313870119026184e+00 8.143363839819678374e-01
8.449999999999999734e-01 1.044925000599063569e+00 6.225761657989321129e+00 3.216984106714755320e+00 8.049818156308361505e-01
8.549999999999999822e-01 1.046186886002363758e+00 6.366407822724808874e+00 3.295573092816928895e+00 7.863711416254276498e-01
8.649999999999999911e-01 1.047463766931806317e+00 6.508389957812730664e+00 3.375062493134204367e+00 7.597157563688782256e-01
8.750000000000000000e-01 1.048755552642418598e+00 6.651673281424111295e+00 3.455429948683697461e+00 7.266555096454303531e-01
8.850000000000000089e-01 1.050062153075147497e+00 6.796234663156245581e+00 3.536651144449125539e+00 6.892050811284150535e-01
8.950000000000000178e-01 1.051383478830772988e+00 6.942067128984154678e+00 3.618702123114825753e+00 6.496781652481632419e-01
9.050000000000000266e-01 1.052719441144281065e+00 7.089179672297487578e+00 3.701563532331637596e+00 6.105880401192705920e-01
9.150000000000000355e-01 1.054069951859691656e+00 7.237603733432998787e+00 3.785222519433740551e+00 5.745336029195281524e-01
9.250000000000000444e-01 1.055434923405329073e+00 7.387389412452454174e+00 3.869675621153980671e+00 5.440746104487700352e-01
9.350000000000000533e-01 1.056814268769528553e+00 7.538603405363121901e+00 3.954930267493499407e+00 5.216028979752050931e-01
9.450000000000000622e-01 1.058207901476769797e+00 7.691325187880583059e+00 4.041005027820093076e+00 5.092158568237173943e-01
9.550000000000000711e-01 1.059615735564230832e+00 7.845640587857620751e+00 4.127929312002844853e+00 5.086008911772131880e-01
9.649999999999999689e-01 1.061037685558753330e+00 8.001635438878972550e+00 4.215741302217535846e+00 5.209352729341781840e-01
9.749999999999999778e-01 1.062473666454213594e+00 8.159388709847258170e+00 4.304485717664270794e+00 5.468105386398037782e-01
9.849999999999999867e-01 1.063923593689290348e+00 8.318965826490265059e+00 4.394209875663474207e+00 5.861810453234043150e-01
9.949999999999999956e-01 1.065387383125626419e+00 8.480414558974128880e+00 4.484961788516747205e+00 6.383493630002715635e-01
1.005000000000000115e+00 1.066864951026373021e+00 8.643760609633252656e+00 4.576785096011074749e+00 7.019812450220846989e-01
1.015000000000000124e+00 1.068356214035114826e+00 8.809006477670971336e+00 4.669716657151068873e+00 7.751609763535349806e-01
1.024999999999999911e+00 1.069861089155168976e+00 8.976132787380823430e+00 4.763784192064816736e+00 8.554748987076983280e-01
1.034999999999999920e+00 1.071379493729249344e+00 9.145100713343861543e+00 4.859004639577069184e+00 9.401310509820783867e-01
1.044999999999999929e+00 1.072911345419497398e+00 9.315860107852305561e+00 4.955383675027428936e+00 1.026089731716888442e+00
1.054999999999999938e+00 1.074456562187866782e+00 9.488343774563798405e+00 5.052916547308823780e+00 1.110242675889832054e+00
1.064999999999999947e+00 1.076015062276864054e+00 9.662490595506900704e+00 5.151589051011156606e+00 1.189540785285232882e+00
1.074999999999999956e+00 1.077586764190635593e+00 9.838241450600630600e+00 5.251380235633048343e+00 1.261171959866265402e+00
1.084999999999999964e+00 1.079171586676399119e+00 1.001554750549563266e+01 5.352264687329037152e+00 1.322698723774292873e+00
1.094999999999999973e+00 1.080769448706216718e+00 1.019437452703572689e+01 5.454215328900206217e+00 1.372179491530058915e+00
1.104999999999999982e+00 1.082380269459101152e+00 1.037470620504130814e+01 5.557206685956177061e+00 1.408262386134171651e+00
1.114999999999999991e+00 1.084003968303457022e+00 1.055654442262204107e+01 5.661216449168949616e+00 1.430249322802220391e+00
1.125000000000000000e+00 1.085640464779849657e+00 1.073990953755524558e+01 5.766228284598815534e+00 1.438120160848849194e+00
1.135000000000000009e+00 1.087289678584100638e+00 1.092483711972954197e+01 5.872232242901537447e+00 1.432531713137278562e+00
1.145000000000000018e+00 1.088951529550704622e+00 1.111137515826878541e+01 5.979225854359917491e+00 1.414778648335525135e+00
1.155000000000000027e+00 1.090625937636568565e+00 1.129957935379380629e+01 6.087213944791447950e+00 1.386727175378013044e+00
1.165000000000000036e+00 1.092312822905064262e+00 1.148950838368156724e+01 6.196207699699368021e+00 1.350723296108390148e+00
1.175000000000000044e+00 1.094012105510399513e+00 1.168121951497422373e+01 6.306224178040816142e+00 1.309483836125076905e+00
1.185000000000000053e+00 1.095723705682299487e+00 1.187476404776844952e+01 6.417283793068031983e+00 1.265968620661688471e+00
1.195000000000000062e+00 1.097447543710998508e+00 1.207018388875282433e+01 6.529409589132725067e+00 1.223245056571526268e+00
1.205000000000000071e+00 1.099183539932540254e+00 1.226750920298968417e+01 6.642624815432209395e+00 1.184351892101522807e+00
1.215000000000000080e+00 1.100931614714385054e+00 1.246676041693735471e+01 6.756950219174965966e+00 1.152142220995298727e+00
1.225000000000000089e+00 1.102691688441321372e+00 1.266793382254631162e+01 6.872406960285043276e+00 1.129228701366217669e+00
1.235000000000000098e+00 1.104463681501680172e+00 1.287102439495054895e+01 6.989010270623573717e+00 1.117776935022623430e+00
1.245000000000000107e+00 1.106247514273852595e+00 1.307601238270734356e+01 7.106770748997922382e+00 1.119470789233279584e+00
1.255000000000000115e+00 1.108043107113107384e+00 1.328287041672365199e+01 7.225694659366513228e+00 1.135430792661673127e+00
1.265000000000000124e+00 1.109850380338708309e+00 1.349156592554487055e+01 7.345783314315770696e+00 1.166170914697130190e+00
1.275000000000000133e+00 1.111669254221331116e+00 1.370206445374895488e+01 7.467033275302476625e+00 1.211584466207620281e+00
1.284999999999999920e+00 1.113499648970778022e+00 1.391433202906251232e+01 7.589436986249239681e+00 1.270973583925214756e+00
1.294999999999999929e+00 1.115341484723989307e+00 1.412834052773384919e+01 7.712985351709864545e+00 1.343017651542297131e+00
1.304999999999999938e+00 1.117194681533353773e+00 1.434406722996624239e+01 7.837666669999633129e+00 1.425933217023597654e+00
1.314999999999999947e+00 1.119059159355313193e+00 1.456149686960515410e+01 7.963467909327328620e+00 1.517495401861303828e+00
1.324999999999999956e+00 1.120934838039265857e+00 1.478062400612204108e+01 8.090377364047881770e+00 1.615147151980720341e+00
1.334999999999999964e+00 1.122821637316764765e+00 1.500145211886594332e+01 8.218384391909140163e+00 1.716111227158162444e+00
1.344999999999999973e+00 1.124719476791012696e+00 1.522399370531824481e+01 8.347481094141294022e+00 1.817505710611345693e+00
1.354999999999999982e+00 1.126628275926654377e+00 1.544826938977094599e+01 8.477662293008314975e+00 1.916460798648279562e+00
1.364999999999999991e+00 1.128547954039863965e+00 1.567430186929516722e+01 8.608925430870895568e+00 2.010227453986431101e+00
1.375000000000000000e+00 1.130478430288730518e+00 1.590212885190075198e+01 8.741273863039195291e+00 2.096321696049376460e+00
1.385000000000000009e+00 1.132419623663941444e+00 1.613178111724516839e+01 8.874712259574897288e+00 2.172570878882720713e+00
1.395000000000000018e+00 1.134371452979762385e+00 1.636329287765538965e+01 9.009249434998165995e+00 2.237235400335944480e+00
1.405000000000000027e+00 1.136333836865317526e+00 1.659669651652833622e+01 9.144896601374021827e+00 2.289063068895293984e+00
1.415000000000000036e+00 1.138306693756168331e+00 1.683202095548236343e+01 9.281667148800405442e+00 2.327343319442144232e+00
1.425000000000000044e+00 1.140289941886192482e+00 1.706929045040788040e+01 9.419575711860808553e+00 2.351929646414500752e+00
1.435000000000000053e+00 1.142283499279765024e+00 1.730852288808716821e+01 9.558636932155145871e+00 2.363249531702635409e+00
1.445000000000000062e+00 1.144287283744239936e+00 1.754973040201842593e+01 9.698865912214889917e+00 2.362282048340712315e+00
1.455000000000000071e+00 1.146301212862736563e+00 1.779291187045166112e+01 9.840274863650254389e+00 2.350514074464831182e+00
1.465000000000000080e+00 1.148325203987230259e+00 1.803807692328769718e+01 9.982877534198044245e+00 2.329904218277804695e+00
1.475000000000000089e+00 1.150359174231948334e+00 1.828521422908392324e+01 1.012668228134499415e+01 2.302771536297179900e+00
1.485000000000000098e+00 1.152403040467071982e+00 1.853431314014726894e+01 1.027169637875006458e+01 2.271723263270843507e+00
1.495000000000000107e+00 1.154456719312749513e+00 1.878535996616802706e+01 1.041792375859589370e+01 2.239544466630897901e+00
1.505000000000000115e+00 1.156520127133416675e+00 1.903833982099390809e+01 1.056536622417962690e+01 2.209086900018692123e+00
1.515000000000000124e+00 1.158593180032429393e+00 1.929323836260175540e+01 1.071402341488571963e+01 2.183154585191366515e+00
1.525000000000000133e+00 1.160675793847010029e+00 1.955004265012169284e+01 1.086389269337053420e+01 2.164392403027972200e+00
1.535000000000000142e+00 1.162767884143507846e+00 1.980873711825223182e+01 1.101496941070609914e+01 2.155198929178332001e+00
1.544999999999999929e+00 1.164869366212974766e+00 2.006932607832084514e+01 1.116725023897329017e+01 2.157568534161380391e+00
1.554999999999999938e+00 1.166980155067061542e+00 2.033180474084588596e+01 1.132073046335253963e+01 2.173102336316282468e+00
1.564999999999999947e+00 1.169100165434231231e+00 2.059617698173071432e+01 1.147540532766196009e+01 2.202887124583749134e+00
1.574999999999999956e+00 1.171229311756297298e+00 2.086245221234638336e+01 1.163127180762448631e+01 2.247472140852954769e+00
1.584999999999999964e+00 1.173367508185281460e+00 2.113064476590845331e+01 1.178832859448248804e+01 2.306845943973914181e+00
1.594999999999999973e+00 1.175514668580601496e+00 2.140077290588078895e+01 1.194657604377811566e+01 2.380439916155448810e+00
1.604999999999999982e+00 1.177670706506583453e+00 2.167285726087982667e+01 1.210601604215273142e+01 2.467151925326473982e+00
1.614999999999999991e+00 1.179835535230304933e+00 2.194692124021250379e+01 1.226665359248280751e+01 2.565389342358391112e+00
1.625000000000000000e+00 1.182009067719768769e+00 2.222298160842360559e+01 1.242849405160176346e+01 2.673120372113323651e+00
1.635000000000000009e+00 1.184191216642411337e+00 2.250107269163797241e+01 1.259154644403527001e+01 2.788009233338355930e+00
1.645000000000000018e+00 1.186381894363947032e+00 2.278121057369762781e+01 1.275582019232923159e+01 2.907425492337720740e+00
1.655000000000000027e+00 1.188581012947548476e+00 2.306341334380364572e+01 1.292132543564010305e+01 3.028601284206410948e+00
1.665000000000000036e+00 1.190788484153369131e+00 2.334769556824103276e+01 1.308807255447613471e+01 3.148725263119417139e+00
1.675000000000000044e+00 1.193004219438406732e+00 2.363406775945957605e+01 1.325607216529503063e+01 3.265051909222547621e+00
1.685000000000000053e+00 1.195228129956711127e+00 2.392253682760854616e+01 1.342533459787396311e+01 3.375008190109643369e+00
1.695000000000000062e+00 1.197460126559938276e+00 2.421310491772769780e+01 1.359586847066372783e+01 3.476291848606956503e+00
1.705000000000000071e+00 1.199700119798254416e+00 2.450577171611644189e+01 1.376768209946116883e+01 3.566960262473285237e+00
1.715000000000000080e+00 1.201948019921588173e+00 2.480053220886970777e+01 1.394078087318313663e+01 3.645504587630095994e+00
1.725000000000000089e+00 1.204203736881238829e+00 2.509738086152199799e+01 1.411516973287862697e+01 3.710904386360923901e+00
1.735000000000000098e+00 1.206467180331836975e+00 2.539631026034318495e+01 1.429085127010160150e+01 3.762668976060099091e+00
1.745000000000000107e+00 1.208738259633664436e+00 2.569730115054110797e+01 1.446782662825224008e+01 3.800835256844487198e+00
1.755000000000000115e+00 1.211016883855332349e+00 2.600036860224851409e+01 1.464609668268535181e+01 3.826018032020821469e+00
1.765000000000000124e+00 1.213302961776821398e+00 2.630549727478810240e+01 1.482565964174919060e+01 3.839315861332018631e+00
1.775000000000000133e+00 1.215596401892885980e+00 2.661268511345756238e+01 1.500651427155739626e+01 3.842307871855061396e+00
1.785000000000000142e+00 1.217897112416823635e+00 2.692193215474893719e+01 1.518865862960795532e+01 3.836981642183494579e+00
1.794999999999999929e+00 1.220205001284612623e+00 2.723324208563995441e+01 1.537209091275150996e+01 3.825658453667544645e+00
1.804999999999999938e+00 1.222519976159418986e+00 2.754662194765743877e+01 1.555681024837425142e+01 3.810904377265479592e+00
1.814999999999999947e+00 1.224841944436477315e+00 2.786208117031910447e+01 1.574281588470462978e+01 3.795430720924340751e+00
1.824999999999999956e+00 1.227170813248343206e+00 2.817963302666073488e+01 1.593010889203510416e+01 3.781995547903864718e+00
1.834999999999999964e+00 1.229506489470522324e+00 2.849929196215997607e+01 1.611869134113359436e+01 3.773301240402547663e+00
1.844999999999999973e+00 1.231848879727479362e+00 2.882107417672938965e+01 1.630856614065657695e+01 3.771891075366958113e+00
1.854999999999999982e+00 1.234197890399023168e+00 2.914498284633830849e+01 1.649973825711407471e+01 3.780146971344222617e+00
1.864999999999999991e+00 1.236553427627077095e+00 2.947105940557249681e+01 1.669221280253238504e+01 3.799879400991775125e+00
1.875000000000000000e+00 1.238915397322829737e+00 2.979930794558745433e+01 1.688599633662290245e+01 3.832716554677625176e+00
1.885000000000000009e+00 1.241283705174272667e+00 3.012974260965539841e+01 1.708109629719339750e+01 3.879758331821582473e+00
1.895000000000000018e+00 1.243658256654124994e+00 3.046237569158457603e+01 1.727752053826900180e+01 3.941606899024106880e+00
1.905000000000000027e+00 1.246038957028144711e+00 3.079721662834799645e+01 1.747527665230699867e+01 4.018350745753624054e+00
1.915000000000000036e+00 1.248425711363831514e+00 3.113427204252462843e+01 1.767437176437952218e+01 4.109557574740936303e+00
1.925000000000000044e+00 1.250818424539521745e+00 3.147354716192374369e+01 1.787481415025337839e+01 4.214300083486332227e+00
1.935000000000000053e+00 1.253217001253874363e+00 3.181504262680221728e+01 1.807660866113862141e+01 4.331183551897548334e+00
1.945000000000000062e+00 1.255621346035752151e+00 3.215875909963641277e+01 1.827976179453813188e+01 4.458404670796675795e+00
1.955000000000000071e+00 1.258031363254499713e+00 3.250469404211603575e+01 1.848427712424560454e+01 4.593818594314690529e+00
1.965000000000000080e+00 1.260446957130616275e+00 3.285284481371864729e+01 1.869015858034077837e+01 4.735017781920306312e+00
1.975000000000000089e+00 1.262868031746829489e+00 3.320320495558175367e+01 1.889741316384873571e+01 4.879293948777980283e+00
1.985000000000000098e+00 1.265294491059563597e+00 3.355577776253102940e+01 1.910603365523815000e+01 5.024216387558618990e+00
1.995000000000000107e+00 1.267726238910813485e+00 3.391055756716032477e+01 1.931602449164201118e+01 5.167032524424223006e+00
2.004999999999999893e+00 1.270163179040415979e+00 3.426754288610685961e+01 1.952738544226266271e+01 5.305207903495988475e+00
2.015000000000000124e+00 1.272605215098723486e+00 3.462673491811172255e+01 1.974011681644149974e+01 5.436411857297929195e+00
2.024999999999999911e+00 1.275052250659680864e+00 3.498813583060645982e+01 1.995421785340461085e+01 5.558599552022211121e+00
2.035000000000000142e+00 1.277504189234306420e+00 3.535175122362558398e+01 2.016968954379912304e+01 5.670079741707701793e+00
2.044999999999999929e+00 1.279960934284574359e+00 3.571758707883341799e+01 2.038653099197112439e+01 5.769582094858177967e+00
2.055000000000000160e+00 1.282422389237703575e+00 3.608565182399254212e+01 2.060474312778264760e+01 5.856290814145891588e+00
2.064999999999999947e+00 1.284888457500850345e+00 3.645595570652616857e+01 2.082432772670298959e+01 5.929879398366524335e+00
2.075000000000000178e+00 1.287359042476205584e+00 3.682854743785050289e+01 2.104530438755643473e+01 5.990433238919926850e+00
2.084999999999999964e+00 1.289834047576496001e+00 3.720337445355680472e+01 2.126764618334102863e+01 6.038736052624497752e+00
2.095000000000000195e+00 1.292313376240894485e+00 3.758047732139423402e+01 2.149136999665260106e+01 6.075847352189327033e+00
2.104999999999999982e+00 1.294796931951329721e+00 3.795986909742668303e+01 2.171648172658918341e+01 6.103301292180956850e+00
2.115000000000000213e+00 1.297284618249205046e+00 3.834156013815410091e+01 2.194298584918423245e+01 6.122996634013927242e+00
2.125000000000000000e+00 1.299776338752518745e+00 3.872556066464583324e+01 2.217088802002816550e+01 6.137134404757904171e+00
2.135000000000000231e+00 1.302271997173391371e+00 3.911187946588210451e+01 2.240019466751149224e+01 6.148122225929246731e+00
2.145000000000000018e+00 1.304771497335994956e+00 3.950053462586453890e+01 2.263091428371285829e+01 6.158453270326909035e+00
2.155000000000000249e+00 1.307274743194883682e+00 3.989151025805052342e+01 2.286304700395660916e+01 6.170816487039138210e+00
2.165000000000000036e+00 1.309781638853730668e+00 4.028481885338192825e+01 2.309660025517311865e+01 6.187711455175969988e+00
2.175000000000000266e+00 1.312292088584462002e+00 4.068046267490939982e+01 2.333157929323279234e+01 6.211545398189468159e+00
2.185000000000000053e+00 1.314805996846795111e+00 4.107844111064506620e+01 2.356798724050407046e+01 6.244503570570408613e+00
2.194999999999999840e+00 1.317323268308171258e+00 4.147875424583551052e+01 2.380582807941165413e+01 6.288486662167228403e+00
2.205000000000000071e+00 1.319843807864092611e+00 4.188140067539168854e+01 2.404510442415289617e+01 6.345031059486162306e+00
2.214999999999999858e+00 1.322367520658849438e+00 4.228637926209374598e+01 2.428581835278087198e+01 6.415266186714436714e+00
2.225000000000000089e+00 1.324894312106648098e+00 4.269368860183400471e+01 2.452797067511396278e+01 6.499877638778732702e+00
2.234999999999999876e+00 1.327424087913126938e+00 4.310335061876146057e+01 2.477156750515294448e+01 6.599177422165878326e+00
2.245000000000000107e+00 1.329956754097271210e+00 4.351532601139193446e+01 2.501660062282122254e+01 6.712734711686157318e+00
2.254999999999999893e+00 1.332492217013710345e+00 4.392963480004243593e+01 2.526307420707000873e+01 6.839918668434702198e+00
2.265000000000000124e+00 1.335030383375409135e+00 4.434628014334716539e+01 2.551098893491940345e+01 6.979581543770331464e+00
2.274999999999999911e+00 1.337571160276742388e+00 4.476526695877709017e+01 2.576034554982931013e+01 7.130186983785069543e+00
2.285000000000000142e+00 1.340114455216953049e+00 4.518661405935932152e+01 2.601114696174318652e+01 7.289813673399532234e+00
2.294999999999999929e+00 1.342660176123993576e+00 4.561030475408134777e+01 2.626339045400920824e+01 7.456405224895369166e+00
2.305000000000000160e+00 1.345208231378743458e+00 4.603635755078575897e+01 2.651707886532832958e+01 7.627579780735561421e+00
2.314999999999999947e+00 1.347758529839606201e+00 4.646478123483124278e+01 2.677221477657870707e+01 7.800886160497221944e+00
2.325000000000000178e+00 1.350310980867478472e+00 4.689558577149202279e+01 2.702880213143234656e+01 7.973841876470033618e+00
2.334999999999999964e+00 1.352865494351088493e+00 4.732877919838899317e+01 2.728684293562793428e+01 8.144015744790534583e+00
2.345000000000000195e+00 1.355421980732705700e+00 4.776437057675623521e+01 2.754634160403857379e+01 8.309116894626425776e+00
2.354999999999999982e+00 1.357980351034212774e+00 4.820236735097622471e+01 2.780730153425995965e+01 8.467067771958475930e+00
2.365000000000000213e+00 1.360540516883539608e+00 4.864279252616950089e+01 2.806972973590185205e+01 8.616061967047228265e+00
2.375000000000000000e+00 1.363102390541456321e+00 4.908562390949082754e+01 2.833362627917688670e+01 8.754664096546244778e+00
2.385000000000000231e+00 1.365665884928720875e+00 4.953087917637466120e+01 2.859899772620407887e+01 8.881803154497021069e+00
2.395000000000000018e+00 1.368230913653576408e+00 4.997856190210328720e+01 2.886584775573661688e+01 8.996843660498136330e+00
2.405000000000000249e+00 1.370797391039600077e+00 5.042867462549391178e+01 2.913418044176840027e+01 9.099587641179674335e+00
2.415000000000000036e+00 1.373365232153893167e+00 5.088121837141873982e+01 2.940399894271651249e+01 9.190293471995946817e+00
2.425000000000000266e+00 1.375934352835608943e+00 5.133619387242612220e+01 2.967530617829449824e+01 9.269644272766702997e+00
2.435000000000000053e+00 1.378504669724822440e+00 5.179360119834346676e+01 2.994810525154097292e+01 9.338746012961770759e+00
2.444999999999999840e+00 1.381076100291728892e+00 5.225343989715324255e+01 3.022239785423046854e+01 9.399074631579077632e+00
2.455000000000000071e+00 1.383648562866170106e+00 5.271570906439574600e+01 3.049818490636742752e+01 9.452418563311587363e+00
2.464999999999999858e+00 1.386221976667483702e+00 5.318043567184882647e+01 3.077547125170160669e+01 9.500981185434046239e+00
2.475000000000000089e+00 1.388796261834676082e+00 5.364757149936735914e+01 3.105425206824300943e+01 9.546759570821954810e+00
2.484999999999999876e+00 1.391371339456903167e+00 5.411714049664061577e+01 3.133453100323582774e+01 9.592224255764577379e+00
2.495000000000000107e+00 1.393947131604270639e+00 5.458914416839193251e+01 3.161630799374803047e+01 9.639770693563658455e+00
2.504999999999999893e+00 1.396523561358930632e+00 5.506358572851693367e+01 3.189958416261681151e+01 9.691755550126776697e+00
2.515000000000000124e+00 1.399100552846486600e+00 5.554046876495836926e+01 3.218435981812926627e+01 9.750399220756303720e+00
2.524999999999999911e+00 1.401678031267691527e+00 5.601979788930407267e+01 3.247063573822159555e+01 9.817737664026784827e+00
2.535000000000000142e+00 1.404255922930439437e+00 5.650157962407191548e+01 3.275841436973447429e+01 9.895546501197562961e+00
2.544999999999999929e+00 1.406834155282040921e+00 5.698584334164347354e+01 3.304769809987371332e+01 9.985085532039480682e+00
2.555000000000000160e+00 1.409412656941783526e+00 5.747255178413262655e+01 3.333848544547043957e+01 1.008778237757424812e+01
2.564999999999999947e+00 1.411991357733769048e+00 5.796173294954039790e+01 3.363078129009524275e+01 1.020417174636502544e+01
2.575000000000000178e+00 1.414570188720020605e+00 5.845339277427267177e+01 3.392458766607271059e+01 1.033452729516472779e+01
2.584999999999999964e+00 1.417149082233858159e+00 5.894753743477788532e+01 3.421990704829995877e+01 1.047869105225560382e+01
2.595000000000000195e+00 1.419727971913536280e+00 5.944417348975780158e+01 3.451674383784330757e+01 1.063610069530600910e+01
2.604999999999999982e+00 1.422306792736138581e+00 5.994330585511690401e+01 3.481510064612689348e+01 1.080578459896563537e+01
2.615000000000000213e+00 1.424885481051721747e+00 6.044493875815975059e+01 3.511498065266583524e+01 1.098641557706663896e+01
2.625000000000000000e+00 1.427463974617710019e+00 6.094908826574112481e+01 3.541638472046785324e+01 1.117648516372798717e+01
2.635000000000000231e+00 1.430042212633526821e+00 6.145573459601570931e+01 3.571932115292704424e+01 1.137383863942457474e+01
2.645000000000000018e+00 1.432620135775467096e+00 6.196488984848924275e+01 3.602378987496216212e+01 1.157649087487940420e+01
2.655000000000000249e+00 1.435197686231796554e+00 6.247655617844117870e+01 3.632979441676610577e+01 1.178221668931445620e+01
2.665000000000000036e+00 1.437774807738079197e+00 6.299073376455564244e+01 3.663733663929026818e+01 1.198873738145922907e+01
2.675000000000000266e+00 1.440351445612727099e+00 6.350742880699290538e+01 3.694641558685272287e+01 1.219375402101366745e+01
2.685000000000000053e+00 1.442927546792763360e+00 6.402663123990886618e+01 3.725703836626111354e+01 1.239519524704192044e+01
2.694999999999999840e+00 1.445503059869796658e+00 6.454834647450309149e+01 3.756920395999213724e+01 1.259102415161743416e+01
2.705000000000000071e+00 1.448077935126202975e+00 6.507257598869584569e+01 3.788291456628832066e+01 1.277946977145939300e+01
2.714999999999999858e+00 1.450652124571508272e+00 6.559931950677729162e+01 3.819816955237403988e+01 1.295906775283387624e+01
2.725000000000000089e+00 1.453225581978965009e+00 6.612857968097317496e+01 3.851497057349925512e+01 1.312866276158574941e+01
2.734999999999999876e+00 1.455798262922322506e+00 6.666035872089663883e+01 3.883331875583515114e+01 1.328748309599495769e+01
2.745000000000000107e+00 1.458370124812782276e+00 6.719465742271771092e+01 3.915321023633283914e+01 1.343510150574663697e+01
