% raindrop T-matrix calculations using the code of Leinonen, J., "Python code for T-matrix scattering calculations". Available at https://github.com/jleinonen/pytmatrix/. 
% 
% refractive index calculations after Turner et al. (2005): An Improved Liquid Water Absorption Model at Microwave Frequencies for Supercooled Liquid Water Clouds  
% 
% raindrop aspect ratio estimated with the methodology of Brandes, Edward & Zhang, Guifu & Vivekanandan, Jothiram. (2005). Corrigendum. Journal of Applied Meteorology. 44. 186-. 10.1175/1520-0450(2005)44<186:C>2.0.CO;2. 
% 
% wave length: 1.498962 mm 
% temperature: 263.15 K 
% refractive index: 2.480237146072319376e+00 + 7.006358449103653463e-01 i 
% 
%r_eqv[mm]               axial ratio              ext[mm2]                 sca[mm2]                 back[mm2]
5.000000000000000104e-03 9.999900000999989436e-01 9.708789031245129037e-07 1.930778344420835350e-11 2.895294051915877799e-11
1.499999999999999944e-02 9.999900000999989436e-01 2.638702562988383871e-05 1.410839302837373849e-08 2.110519825257537114e-08
2.500000000000000139e-02 9.999900000999989436e-01 1.238779006493475211e-04 3.037854648633780419e-07 4.522522277909013129e-07
3.500000000000000333e-02 9.999900000999989436e-01 3.474858553942556153e-04 2.302864037010559426e-06 3.403534002668514397e-06
4.499999999999999833e-02 9.999900000999989436e-01 7.615119249606523222e-04 1.049434619916279044e-05 1.536043344390864253e-05
5.500000000000000028e-02 9.999900000999989436e-01 1.446594435227328617e-03 3.535955101858822479e-05 5.112878993133277041e-05
6.500000000000000222e-02 9.999900000999989436e-01 2.507298436786176924e-03 9.754892215600579361e-05 1.389935408150300904e-04
7.499999999999999722e-02 9.999900000999989436e-01 4.081483895577112803e-03 2.334527646657893335e-04 3.269302131314696285e-04
8.500000000000000611e-02 9.999900000999989436e-01 6.351711708104181529e-03 5.023516358792177181e-04 6.895608986562871663e-04
9.500000000000000111e-02 9.999900000999989436e-01 9.558857134788064855e-03 9.952760888527550313e-04 1.335301256140243240e-03
1.049999999999999961e-01 9.999900000999989436e-01 1.401790913101548693e-02 1.845570672481603976e-03 2.412766404258568243e-03
1.150000000000000050e-01 9.999900000999989436e-01 2.013553991522885889e-02 3.240884910022368958e-03 4.114954767683225677e-03
1.250000000000000000e-01 9.999900000999989436e-01 2.842838539214580240e-02 5.435850686843871592e-03 6.679023014111551415e-03
1.350000000000000089e-01 9.999900000999989436e-01 3.953987448242422126e-02 8.763995332739877436e-03 1.037870083114949410e-02
1.449999999999999900e-01 9.999900000999989436e-01 5.425194551814178229e-02 1.364647141319804378e-02 1.550587233207390350e-02
1.549999999999999989e-01 9.999900000999989436e-01 7.348579842507008131e-02 2.059408261550357833e-02 2.233823972180262046e-02
1.650000000000000078e-01 9.999900000999989436e-01 9.828317891076811252e-02 3.019807685151940438e-02 3.109227086035811286e-02
1.750000000000000167e-01 9.999900000999989436e-01 1.297567646109862860e-01 4.310475784666598087e-02 4.186608206000321658e-02
1.849999999999999978e-01 9.999900000999989436e-01 1.689957869782748867e-01 5.996978980462774195e-02 5.458622930273330370e-02
1.950000000000000067e-01 1.000344839311130496e+00 2.169386395697766035e-01 8.140848038050567392e-02 6.901796442688443167e-02
2.050000000000000155e-01 1.000376259251188893e+00 2.740592453039369936e-01 1.078413468671204772e-01 8.467319862007859077e-02
2.149999999999999967e-01 1.000431836433301802e+00 3.402370373359723810e-01 1.394817806080931866e-01 1.010895893106124599e-01
2.250000000000000056e-01 1.000511344221778787e+00 4.144184760368125886e-01 1.761717645952637912e-01 1.178662148029913509e-01
2.350000000000000144e-01 1.000614560248383578e+00 4.945244892702632122e-01 2.173071675582462781e-01 1.347797946229953858e-01
2.449999999999999956e-01 1.000741266305821942e+00 5.776193561344407090e-01 2.618066176872148043e-01 1.517148279758594176e-01
2.550000000000000044e-01 1.000891248244015541e+00 6.604155540119901469e-01 3.081819833575243361e-01 1.684217172830010378e-01
2.650000000000000133e-01 1.001064295869075416e+00 7.399731865241233608e-01 3.547282982777343885e-01 1.842509649798071969e-01
2.750000000000000222e-01 1.001260202844886926e+00 8.143019829674128518e-01 3.997903944663236953e-01 1.980702672474467518e-01
2.850000000000000311e-01 1.001478766597222014e+00 8.826300562519587833e-01 4.420180974841864674e-01 2.084424266052365138e-01
2.949999999999999845e-01 1.001719788220298835e+00 9.453171611685230458e-01 4.805332982960103805e-01 2.139500279249131609e-01
3.049999999999999933e-01 1.001983072385710605e+00 1.003557737256104199e+00 5.149857732082325779e-01 2.134863453440238867e-01
3.150000000000000022e-01 1.002268427253648841e+00 1.059039243648465689e+00 5.455238877085275551e-01 2.064114841930871913e-01
3.250000000000000111e-01 1.002575664386349930e+00 1.113644806387569020e+00 5.727183749514382916e-01 1.925840931432720449e-01
3.350000000000000200e-01 1.002904598663692415e+00 1.169216930212578553e+00 5.974660907198094950e-01 1.723444257315685235e-01
3.450000000000000289e-01 1.003255048200880628e+00 1.227369945238600213e+00 6.208834975987630456e-01 1.465268660257854072e-01
3.549999999999999822e-01 1.003626834268148693e+00 1.289343195482845594e+00 6.441886786264890974e-01 1.165432246835024360e-01
3.649999999999999911e-01 1.004019781212422524e+00 1.355899222005559679e+00 6.685672467378885875e-01 8.451254243332885496e-02
3.750000000000000000e-01 1.004433716380879638e+00 1.427276096992855070e+00 6.950278106031827496e-01 5.334524740222900546e-02
3.850000000000000089e-01 1.004868470046347273e+00 1.503188230436830697e+00 7.242597516422494275e-01 2.664960464744544830e-02
3.950000000000000178e-01 1.005323875334485528e+00 1.582864132661923273e+00 7.565207018339187295e-01 8.364426187675877769e-03
4.050000000000000266e-01 1.005799768152698448e+00 1.665116338366469551e+00 7.915844854801972197e-01 2.133759309490134305e-03
4.150000000000000355e-01 1.006295987120720881e+00 1.748462738885813827e+00 8.287784096834724945e-01 1.058172318157300784e-02
4.249999999999999889e-01 1.006812373502834479e+00 1.831322326995876049e+00 8.671187906871372642e-01 3.472889865770439205e-02
4.349999999999999978e-01 1.007348771141657329e+00 1.912274139298452358e+00 9.055209956314665964e-01 7.376031206055130851e-02
4.450000000000000067e-01 1.007905026393466796e+00 1.990318659374484156e+00 9.430293817747430474e-01 1.252144641374916822e-01
4.550000000000000155e-01 1.008480988065006079e+00 2.065056061568330659e+00 9.790003913216075437e-01 1.854879451270486923e-01
4.650000000000000244e-01 1.009076507351731156e+00 2.136726409057835507e+00 1.013194799782423106e+00 2.504446075327148580e-01
4.750000000000000333e-01 1.009691437777457068e+00 2.206115361615042403e+00 1.045771836566609991e+00 3.159270680707510492e-01
4.849999999999999867e-01 1.010325635135361333e+00 2.274375909732296641e+00 1.077209962415234923e+00 3.780702689260044269e-01
4.949999999999999956e-01 1.010978957430304748e+00 2.342831245135086338e+00 1.108194002769144593e+00 4.334328277933428564e-01
5.050000000000000044e-01 1.011651264822433394e+00 2.412802939766547805e+00 1.139499971216049179e+00 4.790347539082298600e-01
5.150000000000000133e-01 1.012342419572020980e+00 2.485480654201472905e+00 1.171896512485729680e+00 5.123964898093466003e-01
5.250000000000000222e-01 1.013052285985520662e+00 2.561827142450921801e+00 1.206067672662298307e+00 5.316388031948066084e-01
5.350000000000000311e-01 1.013780730362787486e+00 2.642508728634130666e+00 1.242557517103031861e+00 5.356529751368618308e-01
5.450000000000000400e-01 1.014527620945441466e+00 2.727847073920517840e+00 1.281733739273909656e+00 5.242956631544389845e-01
5.550000000000000488e-01 1.015292827866336012e+00 2.817800224922754282e+00 1.323770410993484692e+00 4.985390176005647378e-01
5.650000000000000577e-01 1.016076223100103704e+00 2.911986970963223786e+00 1.368653195824340196e+00 4.604994046902721183e-01
5.750000000000000666e-01 1.016877680414747243e+00 3.009762018636491732e+00 1.416207176346898189e+00 4.132928893276646143e-01
5.849999999999999645e-01 1.017697075324246692e+00 3.110334138940288984e+00 1.466143730028273584e+00 3.607227646481822037e-01
5.949999999999999734e-01 1.018534285042156151e+00 3.212904564472128133e+00 1.518119428710676733e+00 3.068592465023872173e-01
6.049999999999999822e-01 1.019389188436160998e+00 3.316791664333694545e+00 1.571793068133644944e+00 2.556086102592404763e-01
6.149999999999999911e-01 1.020261665983570154e+00 3.421516142040982533e+00 1.626871233182229037e+00 2.103636938499900411e-01
6.250000000000000000e-01 1.021151599727719406e+00 3.526834342067946881e+00 1.683134445570889204e+00 1.737889119017911321e-01
6.350000000000000089e-01 1.022058873235258902e+00 3.632722959459652845e+00 1.740444106864253326e+00 1.477426106541145368e-01
6.450000000000000178e-01 1.022983371554301524e+00 3.739332648059950248e+00 1.798734711502569139e+00 1.333015782604214106e-01
6.550000000000000266e-01 1.023924981173411908e+00 3.846925230174421451e+00 1.857996563493968800e+00 1.308430535065337186e-01
6.650000000000000355e-01 1.024883589981409493e+00 3.955811230881208118e+00 1.918255623438287705e+00 1.401447753263421192e-01
6.750000000000000444e-01 1.025859087227968924e+00 4.066296111717800699e+00 1.979554619881779720e+00 1.604828964078680587e-01
6.850000000000000533e-01 1.026851363484993174e+00 4.178639587899305674e+00 2.041937482655831637e+00 1.907221888277962352e-01
6.950000000000000622e-01 1.027860310608740946e+00 4.293029535558123833e+00 2.105437759067376291e+00 2.294027838434499755e-01
7.049999999999999600e-01 1.028885821702690384e+00 4.409571220980174289e+00 2.170072736966159432e+00 2.748278910719355039e-01
7.149999999999999689e-01 1.029927791081118427e+00 4.528288662456730229e+00 2.235840571901125617e+00 3.251558448276428703e-01
7.249999999999999778e-01 1.030986114233377604e+00 4.649136049281553440e+00 2.302720821067835377e+00 3.784921733056721416e-01
7.349999999999999867e-01 1.032060687788854958e+00 4.772017144731985461e+00 2.370678569511574629e+00 4.329756325105084680e-01
7.449999999999999956e-01 1.033151409482594651e+00 4.896806651014037115e+00 2.439668959517320435e+00 4.868499709683857812e-01
7.550000000000000044e-01 1.034258178121568061e+00 5.023369670765106321e+00 2.509642209238454491e+00 5.385136472686719022e-01
7.650000000000000133e-01 1.035380893551575587e+00 5.151580663392969939e+00 2.580549322522820432e+00 5.865523970565462708e-01
7.750000000000000222e-01 1.036519456624765523e+00 5.281334600383219779e+00 2.652346636304947491e+00 6.297497303988555117e-01
7.850000000000000311e-01 1.037673769167756666e+00 5.412551771407535739e+00 2.724997537751607357e+00 6.670879118659670537e-01
7.950000000000000400e-01 1.038843733950345127e+00 5.545179299532699169e+00 2.798475135810470693e+00 6.977445186168649283e-01
8.050000000000000488e-01 1.040029254654790458e+00 5.679187424824570840e+00 2.872762089406056152e+00 7.210905011217760840e-01
8.150000000000000577e-01 1.041230235845658436e+00 5.814562896386253676e+00 2.947849032868243402e+00 7.366951992120551740e-01
8.250000000000000666e-01 1.042446582940215416e+00 5.951302393242497324e+00 3.023732967682353667e+00 7.443402440160705735e-01
8.349999999999999645e-01 1.043678202179357140e+00 6.089406271234397039e+00 3.100414981280265270e+00 7.440386734215543862e-01
8.449999999999999734e-01 1.044925000599063569e+00 6.228872457121999773e+00 3.177896706237392621e+00 7.360605799166392016e-01
8.549999999999999822e-01 1.046186886002363758e+00 6.369694687932432764e+00 3.256179278048418446e+00 7.209567455380953005e-01
8.649999999999999911e-01 1.047463766931806317e+00 6.511860602795170649e+00 3.335260318659220680e+00 6.995763542964960058e-01
8.750000000000000000e-01 1.048755552642418598e+00 6.655354356224200352e+00 3.415134289027918157e+00 6.730749301155386499e-01
8.850000000000000089e-01 1.050062153075147497e+00 6.800158623446860062e+00 3.495791565237146514e+00 6.429036064128169636e-01
8.950000000000000178e-01 1.051383478830772988e+00 6.946261082317899849e+00 3.577220269276075726e+00 6.107804347455546568e-01
9.050000000000000266e-01 1.052719441144281065e+00 7.093654189825616463e+00 3.659408089370639772e+00 5.786415674360072536e-01
9.150000000000000355e-01 1.054069951859691656e+00 7.242345391318639969e+00 3.742344476064779712e+00 5.485682043258118812e-01
9.250000000000000444e-01 1.055434923405329073e+00 7.392356509091245087e+00 3.826023638610370092e+00 5.226979317278810377e-01
9.350000000000000533e-01 1.056814268769528553e+00 7.543726153852431615e+00 3.910447025077673722e+00 5.031209834211993748e-01
9.450000000000000622e-01 1.058207901476769797e+00 7.696508562435085743e+00 3.995625345623147417e+00 4.917690366668493462e-01
9.550000000000000711e-01 1.059615735564230832e+00 7.850771517137034472e+00 4.081579545379847573e+00 4.903018348450932096e-01
9.649999999999999689e-01 1.061037685558753330e+00 8.006591176595531323e+00 4.168340584521901704e+00 5.000002201518348732e-01
9.749999999999999778e-01 1.062473666454213594e+00 8.164046434058008117e+00 4.255948527607740672e+00 5.216729021558091928e-01
9.849999999999999867e-01 1.063923593689290348e+00 8.323212713818239905e+00 4.344450299700501006e+00 5.555826091449567183e-01
9.949999999999999956e-01 1.065387383125626419e+00 8.484154871864630465e+00 4.433896300797970369e+00 6.014011454193536332e-01
1.005000000000000115e+00 1.066864951026373021e+00 8.646922191774354616e+00 4.524337361024117321e+00 6.581937528171836194e-01
1.015000000000000124e+00 1.068356214035114826e+00 8.811544026542858177e+00 4.615820821231480409e+00 7.244398523056216899e-01
1.024999999999999911e+00 1.069861089155168976e+00 8.978027941953504509e+00 4.708387377915382643e+00 7.980912034679177314e-01
1.034999999999999920e+00 1.071379493729249344e+00 9.146362248853858290e+00 4.802067734213210315e+00 8.766566212332753683e-01
1.044999999999999929e+00 1.072911345419497398e+00 9.316508835365848284e+00 4.896881999258225093e+00 9.573424338660363464e-01
1.054999999999999938e+00 1.074456562187866782e+00 9.488422257538882576e+00 4.992838328608182330e+00 1.037173455571503755e+00
1.064999999999999947e+00 1.076015062276864054e+00 9.662046309686900258e+00 5.089933838564615343e+00 1.113168675830130461e+00
1.074999999999999956e+00 1.077586764190635593e+00 9.837323197254931983e+00 5.188156062189671403e+00 1.182499160412898043e+00
1.084999999999999964e+00 1.079171586676399119e+00 1.001420050786604676e+01 5.287485685874807828e+00 1.242647420735677910e+00
1.094999999999999973e+00 1.080769448706216718e+00 1.019263696935215080e+01 5.387899258998414709e+00 1.291545855805920517e+00
1.104999999999999982e+00 1.082380269459101152e+00 1.037260666194105596e+01 5.489372101112576452e+00 1.327689495396427111e+00
1.114999999999999991e+00 1.084003968303457022e+00 1.055410290858053379e+01 5.591882012785212908e+00 1.350218689582749487e+00
1.125000000000000000e+00 1.085640464779849657e+00 1.073713790192481987e+01 5.695411071899199484e+00 1.358962044356677890e+00
1.135000000000000009e+00 1.087289678584100638e+00 1.092174238023349986e+01 5.799948338417980409e+00 1.354444107574823919e+00
1.145000000000000018e+00 1.088951529550704622e+00 1.110796101325955476e+01 5.905489321262185065e+00 1.337856115833176096e+00
1.155000000000000027e+00 1.090625937636568565e+00 1.129584990164097391e+01 6.012037817424312536e+00 1.310990703214519604e+00
1.165000000000000036e+00 1.092312822905064262e+00 1.148546975827772698e+01 6.119604285083116935e+00 1.276150564857427394e+00
1.175000000000000044e+00 1.094012105510399513e+00 1.167688171361752936e+01 6.228205128857965178e+00 1.236030414976215797e+00
1.185000000000000053e+00 1.095723705682299487e+00 1.187014155952525662e+01 6.337861211595103406e+00 1.193583369851915599e+00
1.195000000000000062e+00 1.097447543710998508e+00 1.206529566835462930e+01 6.448595648143405690e+00 1.151875661182927946e+00
1.205000000000000071e+00 1.099183539932540254e+00 1.226237776040787253e+01 6.560431932443941960e+00 1.113939849248339220e+00
1.215000000000000080e+00 1.100931614714385054e+00 1.246141412443181196e+01 6.673390970129682742e+00 1.082616831395594614e+00
1.225000000000000089e+00 1.102691688441321372e+00 1.266239501077817664e+01 6.787493022082093930e+00 1.060469892747170739e+00
1.235000000000000098e+00 1.104463681501680172e+00 1.286531708505981442e+01 6.902752063081186051e+00 1.049609672679035599e+00
1.245000000000000107e+00 1.106247514273852595e+00 1.307015823831746104e+01 7.019177411535840960e+00 1.051637116197894128e+00
1.255000000000000115e+00 1.108043107113107384e+00 1.327688804200589523e+01 7.136773794656604331e+00 1.067571125471210136e+00
1.265000000000000124e+00 1.109850380338708309e+00 1.348546965352212901e+01 7.255539576258041912e+00 1.097812769221221174e+00
1.275000000000000133e+00 1.111669254221331116e+00 1.369586559176021723e+01 7.375470025555516784e+00 1.142140201555814194e+00
1.284999999999999920e+00 1.113499648970778022e+00 1.390803912202787451e+01 7.496555290482711520e+00 1.199730756944112020e+00
1.294999999999999929e+00 1.115341484723989307e+00 1.412195874415374952e+01 7.618783659057221769e+00 1.269213405305804621e+00
1.304999999999999938e+00 1.117194681533353773e+00 1.433760121933627829e+01 7.742140510383444862e+00 1.348768712313739737e+00
1.314999999999999947e+00 1.119059159355313193e+00 1.455494943183465573e+01 7.866614388906953081e+00 1.436109164398386095e+00
1.324999999999999956e+00 1.120934838039265857e+00 1.477399870953974315e+01 7.992191326832773335e+00 1.528741331198129272e+00
1.334999999999999964e+00 1.122821637316764765e+00 1.499475358565831939e+01 8.118860495024108559e+00 1.623977204008645314e+00
1.344999999999999973e+00 1.124719476791012696e+00 1.521722700957114682e+01 8.246613171312883850e+00 1.719071913636040172e+00
1.354999999999999982e+00 1.126628275926654377e+00 1.544143978159662645e+01 8.375443811293777685e+00 1.811339787488273734e+00
1.364999999999999991e+00 1.128547954039863965e+00 1.566741879745561228e+01 8.505350534842019528e+00 1.898257207003770874e+00
1.375000000000000000e+00 1.130478430288730518e+00 1.589519496988757119e+01 8.636335197874032588e+00 1.977563932025228288e+00
1.385000000000000009e+00 1.132419623663941444e+00 1.612479627349765465e+01 8.768400543358861654e+00 2.047326671492593952e+00
1.395000000000000018e+00 1.134371452979762385e+00 1.635626170117927813e+01 8.901556975819502782e+00 2.106081605056030259e+00
1.405000000000000027e+00 1.136333836865317526e+00 1.658961758696240807e+01 9.035812877704060497e+00 2.152783586112819503e+00
1.415000000000000036e+00 1.138306693756168331e+00 1.682489077239645425e+01 9.171180733361390836e+00 2.186907427799577253e+00
1.425000000000000044e+00 1.140289941886192482e+00 1.706210169274400101e+01 9.307672867344482626e+00 2.208446330883923725e+00
1.435000000000000053e+00 1.142283499279765024e+00 1.730126637912243126e+01 9.445302987758054769e+00 2.217910441813051747e+00
1.445000000000000062e+00 1.144287283744239936e+00 1.754239391131903858e+01 9.584083633654985945e+00 2.216299354067349014e+00
1.455000000000000071e+00 1.146301212862736563e+00 1.778548816429366042e+01 9.724027000547692978e+00 2.205063614252591897e+00
1.465000000000000080e+00 1.148325203987230259e+00 1.803054114532779550e+01 9.865141839837709981e+00 2.186041028782400808e+00
1.475000000000000089e+00 1.150359174231948334e+00 1.827755680225403978e+01 1.000743924582110012e+01 2.161393860442146764e+00
1.485000000000000098e+00 1.152403040467071982e+00 1.852652070904627735e+01 1.015092416782777818e+01 2.133517779333930164e+00
1.495000000000000107e+00 1.154456719312749513e+00 1.877742122035810723e+01 1.029560118135182378e+01 2.104947659846592600e+00
1.505000000000000115e+00 1.156520127133416675e+00 1.903024516867242610e+01 1.044147177647402280e+01 2.078263975474477387e+00
1.515000000000000124e+00 1.158593180032429393e+00 1.928498064840482229e+01 1.058853610944408530e+01 2.055989626666094416e+00
1.525000000000000133e+00 1.160675793847010029e+00 1.954161764559994197e+01 1.073679277035518176e+01 2.040493773967651858e+00
1.535000000000000142e+00 1.162767884143507846e+00 1.980014895276907083e+01 1.088623931525030031e+01 2.033900712624318263e+00
1.544999999999999929e+00 1.164869366212974766e+00 2.006056440760330162e+01 1.103687076567368308e+01 2.038023958284918447e+00
1.554999999999999938e+00 1.166980155067061542e+00 2.032287619729564554e+01 1.118868612264278894e+01 2.054241195315494650e+00
1.564999999999999947e+00 1.169100165434231231e+00 2.058708467370265538e+01 1.134168148313106528e+01 2.083517594708616194e+00
1.574999999999999956e+00 1.171229311756297298e+00 2.085319963596247561e+01 1.149585486217596397e+01 2.126320577938956458e+00
1.584999999999999964e+00 1.173367508185281460e+00 2.112123514514849276e+01 1.165120547450996469e+01 2.182614966057108141e+00
1.594999999999999973e+00 1.175514668580601496e+00 2.139120827292972393e+01 1.180773398316401845e+01 2.251862786716711806e+00
1.604999999999999982e+00 1.177670706506583453e+00 2.166313998806232988e+01 1.196544393442878373e+01 2.333044941419302631e+00
1.614999999999999991e+00 1.179835535230304933e+00 2.193705097874337184e+01 1.212433906769609138e+01 2.424700304373775595e+00
1.625000000000000000e+00 1.182009067719768769e+00 2.221296397746135654e+01 1.228442632979753846e+01 2.524981302441823061e+00
1.635000000000000009e+00 1.184191216642411337e+00 2.249089177590404987e+01 1.244571188283414287e+01 2.631706656824003954e+00
1.645000000000000018e+00 1.186381894363947032e+00 2.277086868050407631e+01 1.260820658461898347e+01 2.742521859783257021e+00
1.655000000000000027e+00 1.188581012947548476e+00 2.305290560536883149e+01 1.277191978078121970e+01 2.854879056870138765e+00
1.665000000000000036e+00 1.190788484153369131e+00 2.333701664091184469e+01 1.293686158180018708e+01 2.966208163760111649e+00
1.675000000000000044e+00 1.193004219438406732e+00 2.362321184649555050e+01 1.310304159359550624e+01 3.073998606387921217e+00
1.685000000000000053e+00 1.195228129956711127e+00 2.391149865283617615e+01 1.327047022983037472e+01 3.175896392118363831e+00
1.695000000000000062e+00 1.197460126559938276e+00 2.420187948268037914e+01 1.343915521965638149e+01 3.269795901042149566e+00
1.705000000000000071e+00 1.199700119798254416e+00 2.449435479639216595e+01 1.360910490444962839e+01 3.353921483258214487e+00
1.715000000000000080e+00 1.201948019921588173e+00 2.478892147740153362e+01 1.378032491488192690e+01 3.426895536033048195e+00
1.725000000000000089e+00 1.204203736881238829e+00 2.508557511095519033e+01 1.395282023441108521e+01 3.487789373247406566e+00
1.735000000000000098e+00 1.206467180331836975e+00 2.538429851540334425e+01 1.412659313667274219e+01 3.536170876710253541e+00
1.745000000000000107e+00 1.208738259633664436e+00 2.568510611402157906e+01 1.430164688557078456e+01 3.572079327419792172e+00
1.755000000000000115e+00 1.211016883855332349e+00 2.598798360632842019e+01 1.447798164094295181e+01 3.596082171062805255e+00
1.765000000000000124e+00 1.213302961776821398e+00 2.629292713280793592e+01 1.465559693432938104e+01 3.609209570419205093e+00
1.775000000000000133e+00 1.215596401892885980e+00 2.659993506194159352e+01 1.483449182899584784e+01 3.612926403840736267e+00
1.785000000000000142e+00 1.217897112416823635e+00 2.690900832452334512e+01 1.501466509018239037e+01 3.609073150934225094e+00
1.794999999999999929e+00 1.220205001284612623e+00 2.722015120793153287e+01 1.519611586982191831e+01 3.599795914854402756e+00
1.804999999999999938e+00 1.222519976159418986e+00 2.753337022092976483e+01 1.537884320821330242e+01 3.587461942623159317e+00
1.814999999999999947e+00 1.224841944436477315e+00 2.784867498284624432e+01 1.556284736728417784e+01 3.574573831756514330e+00
1.824999999999999956e+00 1.227170813248343206e+00 2.816607756435236709e+01 1.574812929386208893e+01 3.563671512164642952e+00
1.834999999999999964e+00 1.229506489470522324e+00 2.848559211563460991e+01 1.593469116167094413e+01 3.557237331306804862e+00
1.844999999999999973e+00 1.231848879727479362e+00 2.880723328481260026e+01 1.612253582416504827e+01 3.557606361884813939e+00
1.854999999999999982e+00 1.234197890399023168e+00 2.913099762309002827e+01 1.631166659670910235e+01 3.566945703485581820e+00
1.864999999999999991e+00 1.236553427627077095e+00 2.945693587885774889e+01 1.650209084891873346e+01 3.586936410378728457e+00
1.875000000000000000e+00 1.238915397322829737e+00 2.978504609905991174e+01 1.669381333085807029e+01 3.619046734369950169e+00
1.885000000000000009e+00 1.241283705174272667e+00 3.011534170416330980e+01 1.688684078470897276e+01 3.664264124471119377e+00
1.895000000000000018e+00 1.243658256654124994e+00 3.044783430852904260e+01 1.708118084210824605e+01 3.723124794709759211e+00
1.905000000000000027e+00 1.246038957028144711e+00 3.078253285728009558e+01 1.727684011826423927e+01 3.795684489765818626e+00
1.915000000000000036e+00 1.248425711363831514e+00 3.111944394245118062e+01 1.747382554829470180e+01 3.881525122772397918e+00
1.925000000000000044e+00 1.250818424539521745e+00 3.145857249604885908e+01 1.767214415735972111e+01 3.979769365200655606e+00
1.935000000000000053e+00 1.253217001253874363e+00 3.179992023139142887e+01 1.787180135701329675e+01 4.089118504440380164e+00
1.945000000000000062e+00 1.255621346035752151e+00 3.214347391789747377e+01 1.807280304665893667e+01 4.207803464429500373e+00
1.955000000000000071e+00 1.258031363254499713e+00 3.248925746441234708e+01 1.827515212639699627e+01 4.334010703838819367e+00
1.965000000000000080e+00 1.260446957130616275e+00 3.283725756475363511e+01 1.847885297304826935e+01 4.465441916210335371e+00
1.975000000000000089e+00 1.262868031746829489e+00 3.318747103377370422e+01 1.868390735107453082e+01 4.599718686510117394e+00
1.985000000000000098e+00 1.265294491059563597e+00 3.353989661881200135e+01 1.889031790744453687e+01 4.734397599913929611e+00
1.995000000000000107e+00 1.267726238910813485e+00 3.389453163428267146e+01 1.909808430272574498e+01 4.867052114316441802e+00
2.004999999999999893e+00 1.270163179040415979e+00 3.425137638471623802e+01 1.930720770326285418e+01 4.995365443890019463e+00
2.015000000000000124e+00 1.272605215098723486e+00 3.461043157917696078e+01 1.951768781944024767e+01 5.117212156143125412e+00
2.024999999999999911e+00 1.275052250659680864e+00 3.497170058604045551e+01 1.972952538935721734e+01 5.230730383650611159e+00
2.035000000000000142e+00 1.277504189234306420e+00 3.533518725346880984e+01 1.994271942348818527e+01 5.334390056930523372e+00
2.044999999999999929e+00 1.279960934284574359e+00 3.570089253711820731e+01 2.015727519876481466e+01 5.427104808690158322e+00
2.055000000000000160e+00 1.282422389237703575e+00 3.606883763653215169e+01 2.037318720345690082e+01 5.508023624400460783e+00
2.064999999999999947e+00 1.284888457500850345e+00 3.643902535249824837e+01 2.059045938318904945e+01 5.576929497722729501e+00
2.075000000000000178e+00 1.287359042476205584e+00 3.681146664700067817e+01 2.080909435816541730e+01 5.633998078281278410e+00
2.084999999999999964e+00 1.289834047576496001e+00 3.718617315593402850e+01 2.102909566352519022e+01 5.679846163990949215e+00
2.095000000000000195e+00 1.292313376240894485e+00 3.756315571106725315e+01 2.125046596651336017e+01 5.715516456370395737e+00
2.104999999999999982e+00 1.294796931951329721e+00 3.794242686799501030e+01 2.147321461962005884e+01 5.742439362246569701e+00
2.115000000000000213e+00 1.297284618249205046e+00 3.832399619197230578e+01 2.169733919465378591e+01 5.762364375592357923e+00
2.125000000000000000e+00 1.299776338752518745e+00 3.870787281430354199e+01 2.192284735526713746e+01 5.777314951242915164e+00
2.135000000000000231e+00 1.302271997173391371e+00 3.909406552550389335e+01 2.214974563128215834e+01 5.789509315956273383e+00
2.145000000000000018e+00 1.304771497335994956e+00 3.948258051098220278e+01 2.237803876278065474e+01 5.801281395795407470e+00
2.155000000000000249e+00 1.307274743194883682e+00 3.987342249230571412e+01 2.260773177093895825e+01 5.815004030764785448e+00
2.165000000000000036e+00 1.309781638853730668e+00 4.026659484480954632e+01 2.283882963439907599e+01 5.833001989595697268e+00
2.175000000000000266e+00 1.312292088584462002e+00 4.066211029683135791e+01 2.307134203322757671e+01 5.857394650712253181e+00
2.185000000000000053e+00 1.314805996846795111e+00 4.105995115547867869e+01 2.330526373197452017e+01 5.890302903321781969e+00
2.194999999999999840e+00 1.317323268308171258e+00 4.146012587967212681e+01 2.354060240394484893e+01 5.933388733831137962e+00
2.205000000000000071e+00 1.319843807864092611e+00 4.186263387606984310e+01 2.377736060079021740e+01 5.988043647528622948e+00
2.214999999999999858e+00 1.322367520658849438e+00 4.226747406459114842e+01 2.401553989348641238e+01 6.055280277896197383e+00
2.225000000000000089e+00 1.324894312106648098e+00 4.267464657588907784e+01 2.425514272042679664e+01 6.135704849887408940e+00
2.234999999999999876e+00 1.327424087913126938e+00 4.308415088924968472e+01 2.449616935208054969e+01 6.229493047220759472e+00
2.245000000000000107e+00 1.329956754097271210e+00 4.349598840949696665e+01 2.473862127193858385e+01 6.336395042306751435e+00
2.254999999999999893e+00 1.332492217013710345e+00 4.391018092609543544e+01 2.498250489643796612e+01 6.455870459746688717e+00
2.265000000000000124e+00 1.335030383375409135e+00 4.432669617140021501e+01 2.522780995112619706e+01 6.586611129302860412e+00
2.274999999999999911e+00 1.337571160276742388e+00 4.474555483227923247e+01 2.547454234022396591e+01 6.727308104873986672e+00
2.285000000000000142e+00 1.340114455216953049e+00 4.516676214846799553e+01 2.572270262991102641e+01 6.876234294747312958e+00
2.294999999999999929e+00 1.342660176123993576e+00 4.559032565109824020e+01 2.597229320244963802e+01 7.031423709887945073e+00
2.305000000000000160e+00 1.345208231378743458e+00 4.601626634871323063e+01 2.622331875612725227e+01 7.190650826297560805e+00
2.314999999999999947e+00 1.347758529839606201e+00 4.644456743961992373e+01 2.647577480350215495e+01 7.351821326001042323e+00
2.325000000000000178e+00 1.350310980867478472e+00 4.687524886269480362e+01 2.672966736548669076e+01 7.512600232214007079e+00
2.334999999999999964e+00 1.352865494351088493e+00 4.730831923843449971e+01 2.698499952960233372e+01 7.670773329779414063e+00
2.345000000000000195e+00 1.355421980732705700e+00 4.774378619740675589e+01 2.724177449577511823e+01 7.824259019333299925e+00
2.354999999999999982e+00 1.357980351034212774e+00 4.818165770367004086e+01 2.749999611951083267e+01 7.971172697937223717e+00
2.365000000000000213e+00 1.360540516883539608e+00 4.862194031058452737e+01 2.775966870238675810e+01 8.109888219658131447e+00
2.375000000000000000e+00 1.363102390541456321e+00 4.906465665139830179e+01 2.802080001219813710e+01 8.239131767750329516e+00
2.385000000000000231e+00 1.365665884928720875e+00 4.950978144472275488e+01 2.828338730501577913e+01 8.357890145025059780e+00
2.395000000000000018e+00 1.368230913653576408e+00 4.995733186107344181e+01 2.854743740099375060e+01 8.465629416229100812e+00
2.405000000000000249e+00 1.370797391039600077e+00 5.040731033615055878e+01 2.881295373287798611e+01 8.562190925700765121e+00
2.415000000000000036e+00 1.373365232153893167e+00 5.085971904901487761e+01 2.907994012109433157e+01 8.647826704444922186e+00
2.425000000000000266e+00 1.375934352835608943e+00 5.131455864848428661e+01 2.934839915030272550e+01 8.723182158806148223e+00
2.435000000000000053e+00 1.378504669724822440e+00 5.177182961569478437e+01 2.961833347806360806e+01 8.789278248729086584e+00
2.444999999999999840e+00 1.381076100291728892e+00 5.223153170647501753e+01 2.988974513773761288e+01 8.847471314928275987e+00
2.455000000000000071e+00 1.383648562866170106e+00 5.269366510856468011e+01 3.016263554201839270e+01 8.899414316214651066e+00
2.464999999999999858e+00 1.386221976667483702e+00 5.315825669812370080e+01 3.043701154473151860e+01 8.947029140557749116e+00
2.475000000000000089e+00 1.388796261834676082e+00 5.362525880088529107e+01 3.071286400892501689e+01 8.992297265720932131e+00
2.484999999999999876e+00 1.391371339456903167e+00 5.409469592499654311e+01 3.099019966743882293e+01 9.037400574857176849e+00
2.495000000000000107e+00 1.393947131604270639e+00 5.456656951820875889e+01 3.126901808137326455e+01 9.084521960974370813e+00
2.504999999999999893e+00 1.396523561358930632e+00 5.504088238908681063e+01 3.154932045912480731e+01 9.135795658863379742e+00
2.515000000000000124e+00 1.399100552846486600e+00 5.551763866121241620e+01 3.183110760433041264e+01 9.193243776472552753e+00
2.524999999999999911e+00 1.401678031267691527e+00 5.599684272174206967e+01 3.211438053083759314e+01 9.258708660638175658e+00
2.535000000000000142e+00 1.404255922930439437e+00 5.647852303611662705e+01 3.239914459632712607e+01 9.333693834885691487e+00
2.544999999999999929e+00 1.406834155282040921e+00 5.696264392654137509e+01 3.268539459752221887e+01 9.419672706919275385e+00
2.555000000000000160e+00 1.409412656941783526e+00 5.744923019219852733e+01 3.297313488947548876e+01 9.517543038811220768e+00
2.564999999999999947e+00 1.411991357733769048e+00 5.793828834534476613e+01 3.326236815179125017e+01 9.627923392317322637e+00
2.575000000000000178e+00 1.414570188720020605e+00 5.842982495944949051e+01 3.355309702924866144e+01 9.751044102220458143e+00
2.584999999999999964e+00 1.417149082233858159e+00 5.892384567985610033e+01 3.384532413635854198e+01 9.886745029894587589e+00
2.595000000000000195e+00 1.419727971913536280e+00 5.942035630225801413e+01 3.413905246792727866e+01 1.003449550318561734e+01
2.604999999999999982e+00 1.422306792736138581e+00 5.991938231262184900e+01 3.443428830833019560e+01 1.019351993809952539e+01
2.615000000000000213e+00 1.424885481051721747e+00 6.042088987690029711e+01 3.473102832481247049e+01 1.036238742280399627e+01
2.625000000000000000e+00 1.427463974617710019e+00 6.092490124300019261e+01 3.502927991336006386e+01 1.053968918715373704e+01
2.635000000000000231e+00 1.430042212633526821e+00 6.143141861510689239e+01 3.532904508904034913e+01 1.072369302991633333e+01
2.645000000000000018e+00 1.432620135775467096e+00 6.194044436705954126e+01 3.563032711113012851e+01 1.091247511049732033e+01
2.655000000000000249e+00 1.435197686231796554e+00 6.245197919905095318e+01 3.593312755849605367e+01 1.110402146553847658e+01
2.665000000000000036e+00 1.437774807738079197e+00 6.296602477947406840e+01 3.623744920977285489e+01 1.129625598424483357e+01
2.675000000000000266e+00 1.440351445612727099e+00 6.348258128191580596e+01 3.654329398763573522e+01 1.148713479256536907e+01
2.685000000000000053e+00 1.442927546792763360e+00 6.400165046710505123e+01 3.685066463542379722e+01 1.167469871662651926e+01
2.694999999999999840e+00 1.445503059869796658e+00 6.452325797233399385e+01 3.715956302109768217e+01 1.185700024375239003e+01
2.705000000000000071e+00 1.448077935126202975e+00 6.504735798188121976e+01 3.746998832710826832e+01 1.203272128446925215e+01
2.714999999999999858e+00 1.450652124571508272e+00 6.557397329399475439e+01 3.778194231420529547e+01 1.220039997330616544e+01
2.725000000000000089e+00 1.453225581978965009e+00 6.610310583666417017e+01 3.809542633103035314e+01 1.235901136524677923e+01
2.734999999999999876e+00 1.455798262922322506e+00 6.663475806093151732e+01 3.841044140077767821e+01 1.250786909972472216e+01
2.745000000000000107e+00 1.458370124812782276e+00 6.716893301966422314e+01 3.872698866006757612e+01 1.264662654513125339e+01
