% raindrop T-matrix calculations using the code of Leinonen, J., "Python code for T-matrix scattering calculations". Available at https://github.com/jleinonen/pytmatrix/. 
% 
% refractive index calculations after Turner et al. (2005): An Improved Liquid Water Absorption Model at Microwave Frequencies for Supercooled Liquid Water Clouds  
% 
% raindrop aspect ratio estimated with the methodology of Brandes, Edward & Zhang, Guifu & Vivekanandan, Jothiram. (2005). Corrigendum. Journal of Applied Meteorology. 44. 186-. 10.1175/1520-0450(2005)44<186:C>2.0.CO;2. 
% 
% wave length: 1.498962 mm 
% temperature: 288.15 K 
% refractive index: 2.698600826289043741e+00 + 1.160316764346932761e+00 i 
% 
%r_eqv[mm]               axial ratio              ext[mm2]                 sca[mm2]                 back[mm2]
5.000000000000000104e-03 9.999900000999989436e-01 1.211590136778063265e-06 2.515028041293949461e-11 3.771378729312199023e-11
1.499999999999999944e-02 9.999900000999989436e-01 3.298650622846536855e-05 1.838685120026147512e-08 2.750386342286048167e-08
2.500000000000000139e-02 9.999900000999989436e-01 1.553969027744327657e-04 3.963036115480163323e-07 5.898966047480223372e-07
3.500000000000000333e-02 9.999900000999989436e-01 4.381349866723273541e-04 3.008602267257724755e-06 4.445414392182489375e-06
4.499999999999999833e-02 9.999900000999989436e-01 9.665804734345148771e-04 1.373673854200008848e-05 2.009903479016439000e-05
5.500000000000000028e-02 9.999900000999989436e-01 1.850932718657225320e-03 4.639310932468926297e-05 6.705634926524980846e-05
6.500000000000000222e-02 9.999900000999989436e-01 3.237607407515980147e-03 1.283397406098790803e-04 1.828094760178797945e-04
7.499999999999999722e-02 9.999900000999989436e-01 5.323298075981466523e-03 3.080945042732094745e-04 4.314530028943986870e-04
8.500000000000000611e-02 9.999900000999989436e-01 8.371964315954010319e-03 6.652198315532629764e-04 9.136753506280397008e-04
9.500000000000000111e-02 9.999900000999989436e-01 1.273465781150923820e-02 1.322690780794890395e-03 1.777595883770414142e-03
1.049999999999999961e-01 9.999900000999989436e-01 1.887130926971261613e-02 2.461660531005365610e-03 3.229474695840271227e-03
1.150000000000000050e-01 9.999900000999989436e-01 2.737219744007919273e-02 4.337954819345281494e-03 5.542671201162482388e-03
1.250000000000000000e-01 9.999900000999989436e-01 3.897440693175105442e-02 7.298561864897933071e-03 9.062373162702657206e-03
1.350000000000000089e-01 9.999900000999989436e-01 5.456508112357042611e-02 1.179469595090454695e-02 1.420270706475518230e-02
1.449999999999999900e-01 9.999900000999989436e-01 7.515877954392549687e-02 1.838562129992534627e-02 2.143209745137913264e-02
1.549999999999999989e-01 9.999900000999989436e-01 1.018323253506783210e-01 2.772470761978984219e-02 3.124264725874232457e-02
1.650000000000000078e-01 9.999900000999989436e-01 1.356005341775291806e-01 4.051714689980915468e-02 4.410004866416411540e-02
1.750000000000000167e-01 9.999900000999989436e-01 1.772261710880503049e-01 5.743971173066691333e-02 6.037219696806913477e-02
1.849999999999999978e-01 9.999900000999989436e-01 2.269830568408240656e-01 7.902006068835210062e-02 8.023706335638829124e-02
1.950000000000000067e-01 1.000344839311130496e+00 2.844691037142980661e-01 1.055148052097457517e-01 1.036201328321963294e-01
2.050000000000000155e-01 1.000376259251188893e+00 3.483463661613145357e-01 1.366763977224138005e-01 1.299213175991051072e-01
2.149999999999999967e-01 1.000431836433301802e+00 4.166184903327456168e-01 1.718077069134590629e-01 1.581694580490366209e-01
2.250000000000000056e-01 1.000511344221778787e+00 4.868011541124815378e-01 2.097165848364548890e-01 1.868876461338728479e-01
2.350000000000000144e-01 1.000614560248383578e+00 5.563966710289088846e-01 2.489003163957057008e-01 2.142600593477312354e-01
2.449999999999999956e-01 1.000741266305821942e+00 6.233356161726484324e-01 2.877988630180746132e-01 2.383748729203833683e-01
2.550000000000000044e-01 1.000891248244015541e+00 6.862812186252447155e-01 3.250583448876401826e-01 2.575018857179302567e-01
2.650000000000000133e-01 1.001064295869075416e+00 7.447349230917247320e-01 3.597266346948899685e-01 2.703058833822545859e-01
2.750000000000000222e-01 1.001260202844886926e+00 7.989652726727529686e-01 3.913421324061151507e-01 2.759389307858784446e-01
2.850000000000000311e-01 1.001478766597222014e+00 8.498283313195998945e-01 4.199205249874853330e-01 2.740186793351731542e-01
2.949999999999999845e-01 1.001719788220298835e+00 8.985522378984303060e-01 4.458737922850078972e-01 2.645512641108292429e-01
3.049999999999999933e-01 1.001983072385710605e+00 9.465371197396421632e-01 4.698990717442824150e-01 2.478641523954042136e-01
3.150000000000000022e-01 1.002268427253648841e+00 9.951939768935217367e-01 4.928644720377878818e-01 2.245935375027136582e-01
3.250000000000000111e-01 1.002575664386349930e+00 1.045825747720206200e+00 5.157063109369400822e-01 1.957369146237890045e-01
3.350000000000000200e-01 1.002904598663692415e+00 1.099538290786347572e+00 5.393389228853496808e-01 1.627432673032867261e-01
3.450000000000000289e-01 1.003255048200880628e+00 1.157168056215248209e+00 5.645757338061769826e-01 1.275895310643626046e-01
3.549999999999999822e-01 1.003626834268148693e+00 1.219217876993821559e+00 5.920598104498396852e-01 9.278106285896879635e-02
3.649999999999999911e-01 1.004019781212422524e+00 1.285806000025509155e+00 6.222073511795265244e-01 6.122705622096326350e-02
3.750000000000000000e-01 1.004433716380879638e+00 1.356647630578397878e+00 6.551738070716645046e-01 3.597587821167817779e-02
3.850000000000000089e-01 1.004868470046347273e+00 1.431089758227020114e+00 6.908523263830209649e-01 1.984698130803753263e-02
3.950000000000000178e-01 1.005323875334485528e+00 1.508212379701274308e+00 7.289127327077931096e-01 1.504353718907740049e-02
4.050000000000000266e-01 1.005799768152698448e+00 1.586983320587017410e+00 7.688765186877222213e-01 2.284963269112076298e-02
4.150000000000000355e-01 1.006295987120720881e+00 1.666430413828521750e+00 8.102107082237530733e-01 4.349092358714669315e-02
4.249999999999999889e-01 1.006812373502834479e+00 1.745788647954334305e+00 8.524191508102331172e-01 7.617838625010445175e-02
4.349999999999999978e-01 1.007348771141657329e+00 1.824587721313998934e+00 8.951089805849063996e-01 1.192927989930030880e-01
4.450000000000000067e-01 1.007905026393466796e+00 1.902672577526182129e+00 9.380249316741819943e-01 1.706332476202537529e-01
4.550000000000000155e-01 1.008480988065006079e+00 1.980167450233892401e+00 9.810515208894847738e-01 2.276573276597242401e-01
4.650000000000000244e-01 1.009076507351731156e+00 2.057407615345367535e+00 1.024193684794403314e+00 2.876726612893920065e-01
4.750000000000000333e-01 1.009691437777457068e+00 2.134860927631165861e+00 1.067547100669424820e+00 3.479710568362782142e-01
4.849999999999999867e-01 1.010325635135361333e+00 2.213054706051193143e+00 1.111266842556825507e+00 4.059207094596402055e-01
4.949999999999999956e-01 1.010978957430304748e+00 2.292514840807259535e+00 1.155539315689065871e+00 4.590396106669006882e-01
5.050000000000000044e-01 1.011651264822433394e+00 2.373720815743235235e+00 1.200561030003837182e+00 5.050691468463340827e-01
5.150000000000000133e-01 1.012342419572020980e+00 2.457073136820370429e+00 1.246521712939278048e+00 5.420562677157858555e-01
5.250000000000000222e-01 1.013052285985520662e+00 2.542874099215338912e+00 1.293593267695679616e+00 5.684447142234272388e-01
5.350000000000000311e-01 1.013780730362787486e+00 2.631318146304445715e+00 1.341921417140256922e+00 5.831648749991649172e-01
5.450000000000000400e-01 1.014527620945441466e+00 2.722491709151432016e+00 1.391620687580338522e+00 5.857117455946544426e-01
5.550000000000000488e-01 1.015292827866336012e+00 2.816381312048475749e+00 1.442771942824777387e+00 5.761964948100446460e-01
5.650000000000000577e-01 1.016076223100103704e+00 2.912886555964491198e+00 1.495420548847265163e+00 5.553619468738327791e-01
5.750000000000000666e-01 1.016877680414747243e+00 3.011838957939529493e+00 1.549577938091433849e+00 5.245602515275821220e-01
5.849999999999999645e-01 1.017697075324246692e+00 3.113021722870266572e+00 1.605223253709187281e+00 4.856904600933750760e-01
5.949999999999999734e-01 1.018534285042156151e+00 3.216190917719339737e+00 1.662307197160341810e+00 4.411027992267544384e-01
6.049999999999999822e-01 1.019389188436160998e+00 3.321094679071323164e+00 1.720756305543906794e+00 3.934782065527349104e-01
6.149999999999999911e-01 1.020261665983570154e+00 3.427490439341069894e+00 1.780478524617125968e+00 3.456905416486995564e-01
6.250000000000000000e-01 1.021151599727719406e+00 3.535160146102274581e+00 1.841369552203927062e+00 3.006622925194923912e-01
6.350000000000000089e-01 1.022058873235258902e+00 3.643920801803127496e+00 1.903318443445193742e+00 2.612200273031142772e-01
6.450000000000000178e-01 1.022983371554301524e+00 3.753633456074514374e+00 1.966215159123237299e+00 2.299590100029688944e-01
6.550000000000000266e-01 1.023924981173411908e+00 3.864207779758857431e+00 2.029956031214871892e+00 2.091194286509546196e-01
6.650000000000000355e-01 1.024883589981409493e+00 3.975605291148009535e+00 2.094450895886037056e+00 2.004830323976564688e-01
6.750000000000000444e-01 1.025859087227968924e+00 4.087837663022440893e+00 2.159627209283043303e+00 2.052891635860049635e-01
6.850000000000000533e-01 1.026851363484993174e+00 4.200964182537543223e+00 2.225434960194123235e+00 2.241747137300705017e-01
6.950000000000000622e-01 1.027860310608740946e+00 4.315084959123687725e+00 2.291848507110276767e+00 2.571396007556754904e-01
7.049999999999999600e-01 1.028885821702690384e+00 4.430333125455553578e+00 2.358868189992879394e+00 3.035368730815065086e-01
7.149999999999999689e-01 1.029927791081118427e+00 4.546864689968218798e+00 2.426519612382867397e+00 3.620893368510754717e-01
7.249999999999999778e-01 1.030986114233377604e+00 4.664846922945549146e+00 2.494851227323894083e+00 4.309318964662110507e-01
7.349999999999999867e-01 1.032060687788854958e+00 4.784445797578069204e+00 2.563930001550076554e+00 5.076799092369648214e-01
7.449999999999999956e-01 1.033151409482594651e+00 4.905814789469347126e+00 2.633836345389746203e+00 5.895237990063785238e-01
7.550000000000000044e-01 1.034258178121568061e+00 5.029082511390639887e+00 2.704658358256484707e+00 6.733457207454781601e-01
7.650000000000000133e-01 1.035380893551575587e+00 5.154344651313485848e+00 2.776484222882504849e+00 7.558614794417575222e-01
7.750000000000000222e-01 1.036519456624765523e+00 5.281657360158993342e+00 2.849396591459276706e+00 8.337755504535954154e-01
7.850000000000000311e-01 1.037673769167756666e+00 5.411032541797275996e+00 2.923465032319099599e+00 9.039478614613425389e-01
7.950000000000000400e-01 1.038843733950345127e+00 5.542439318677181426e+00 2.998742144978991941e+00 9.635613743675316423e-01
8.050000000000000488e-01 1.040029254654790458e+00 5.675807765164878838e+00 3.075259881800857631e+00 1.010279571469948179e+00
8.150000000000000577e-01 1.041230235845658436e+00 5.811035796738723391e+00 3.153027708216042502e+00 1.042382688890925113e+00
8.250000000000000666e-01 1.042446582940215416e+00 5.947999138771303151e+00 3.232032756538052443e+00 1.058874410618412476e+00
8.349999999999999645e-01 1.043678202179357140e+00 6.086563379180464750e+00 3.312242683034551938e+00 1.059546487069478404e+00
8.449999999999999734e-01 1.044925000599063569e+00 6.226596310170401161e+00 3.393609639235591668e+00 1.045000781427412928e+00
8.549999999999999822e-01 1.046186886002363758e+00 6.367978734161701126e+00 3.476074572723821809e+00 1.016625257176270614e+00
8.649999999999999911e-01 1.047463766931806317e+00 6.510615301384910403e+00 3.559573654102664797e+00 9.765240621446112934e-01
8.750000000000000000e-01 1.048755552642418598e+00 6.654441741204967009e+00 3.644044415588356678e+00 9.274131476848127553e-01
8.850000000000000089e-01 1.050062153075147497e+00 6.799429110396483011e+00 3.729430703970084693e+00 8.724831246614664915e-01
8.950000000000000178e-01 1.051383478830772988e+00 6.945585207546153050e+00 3.815686636108797547e+00 8.152419994344007881e-01
9.050000000000000266e-01 1.052719441144281065e+00 7.092950727066721583e+00 3.902781862146047942e+00 7.593426121022966990e-01
9.150000000000000355e-01 1.054069951859691656e+00 7.241597411580549704e+00 3.990701025960836201e+00 7.084136645254401898e-01
9.250000000000000444e-01 1.055434923405329073e+00 7.391619571014380163e+00 4.079446467712608992e+00 6.658870947551468467e-01
9.350000000000000533e-01 1.056814268769528553e+00 7.543125563718153792e+00 4.169035948471885078e+00 6.348390505487739865e-01
9.450000000000000622e-01 1.058207901476769797e+00 7.696229568335854587e+00 4.259501691388324573e+00 6.178491162049557506e-01
9.550000000000000711e-01 1.059615735564230832e+00 7.851041668267350282e+00 4.350886277005396430e+00 6.168769156861392267e-01
9.649999999999999689e-01 1.061037685558753330e+00 8.007660196649808881e+00 4.443239789619951807e+00 6.331701086698762193e-01
9.749999999999999778e-01 1.062473666454213594e+00 8.166165131604664396e+00 4.536615934490781044e+00 6.671993260799194969e-01
9.849999999999999867e-01 1.063923593689290348e+00 8.326612450141800181e+00 4.631067521904300932e+00 7.186297160402385087e-01
9.949999999999999956e-01 1.065387383125626419e+00 8.489031520215638338e+00 4.726642763842797024e+00 7.863273540489862379e-01
1.005000000000000115e+00 1.066864951026373021e+00 8.653423985633219573e+00 4.823381862642265538e+00 8.684073645811627440e-01
1.015000000000000124e+00 1.068356214035114826e+00 8.819766085181354853e+00 4.921315430350475140e+00 9.623134301621217856e-01
1.024999999999999911e+00 1.069861089155168976e+00 8.988011094977876425e+00 5.020461344185422448e+00 1.064936687006447613e+00
1.034999999999999920e+00 1.071379493729249344e+00 9.158095421175030282e+00 5.120825573184114354e+00 1.172758251989492351e+00
1.044999999999999929e+00 1.072911345419497398e+00 9.329945402044923952e+00 5.222402083223487423e+00 1.282013437660909139e+00
1.054999999999999938e+00 1.074456562187866782e+00 9.503480026242757006e+00 5.325173783160240149e+00 1.388878320905905905e+00
1.064999999999999947e+00 1.076015062276864054e+00 9.678624013675516835e+00 5.429115298197059403e+00 1.489637152306788614e+00
1.074999999999999956e+00 1.077586764190635593e+00 9.855309757398643455e+00 5.534195173089932140e+00 1.580863153451856684e+00
1.084999999999999964e+00 1.079171586676399119e+00 1.003348391064621126e+01 5.640378614797189272e+00 1.659575858460665909e+00
1.094999999999999973e+00 1.080769448706216718e+00 1.021311089371523906e+01 5.747631308824662000e+00 1.723375013898711616e+00
1.104999999999999982e+00 1.082380269459101152e+00 1.039417521978844938e+01 5.855921442852749514e+00 1.770547972865621489e+00
1.114999999999999991e+00 1.084003968303457022e+00 1.057668207708080033e+01 5.965222659453730536e+00 1.800142505528006254e+00
1.125000000000000000e+00 1.085640464779849657e+00 1.076065611705842251e+01 6.075515675936102866e+00 1.812006248082256965e+00
1.135000000000000009e+00 1.087289678584100638e+00 1.094613933457710608e+01 6.186790035898776630e+00 1.806790435652147142e+00
1.145000000000000018e+00 1.088951529550704622e+00 1.113318698699066900e+01 6.299044092219764579e+00 1.785919741037994113e+00
1.155000000000000027e+00 1.090625937636568565e+00 1.132186338926498692e+01 6.412285428551756539e+00 1.751528551226930741e+00
1.165000000000000036e+00 1.092312822905064262e+00 1.151223531469889139e+01 6.526529222379520156e+00 1.706358624569491278e+00
1.175000000000000044e+00 1.094012105510399513e+00 1.170437391775161728e+01 6.641799725158062273e+00 1.653680377560061032e+00
1.185000000000000053e+00 1.095723705682299487e+00 1.189834024420631842e+01 6.758124113462122828e+00 1.597099020575830419e+00
1.195000000000000062e+00 1.097447543710998508e+00 1.209418739989003200e+01 6.875533922496732231e+00 1.540433355926069892e+00
1.205000000000000071e+00 1.099183539932540254e+00 1.229195586556662434e+01 6.994061172464602016e+00 1.487544526106078902e+00
1.215000000000000080e+00 1.100931614714385054e+00 1.249167151929026787e+01 7.113736803355488192e+00 1.442169172863392301e+00
1.225000000000000089e+00 1.102691688441321372e+00 1.269334511065822468e+01 7.234589387207349453e+00 1.407756037262994475e+00
1.235000000000000098e+00 1.104463681501680172e+00 1.289696935491827468e+01 7.356641108114244432e+00 1.387321515513096237e+00
1.245000000000000107e+00 1.106247514273852595e+00 1.310252963036171181e+01 7.479910133446723286e+00 1.383292334435807014e+00
1.255000000000000115e+00 1.108043107113107384e+00 1.330999411648439334e+01 7.604406500996889307e+00 1.397433431510423318e+00
1.265000000000000124e+00 1.109850380338708309e+00 1.351932467917337632e+01 7.730133669944216024e+00 1.430746723360923234e+00
1.275000000000000133e+00 1.111669254221331116e+00 1.373047857016063666e+01 7.857088415321996422e+00 1.483432654345711921e+00
1.284999999999999920e+00 1.113499648970778022e+00 1.394341209200544895e+01 7.985261625881205916e+00 1.554881412797431528e+00
1.294999999999999929e+00 1.115341484723989307e+00 1.415808480479252296e+01 8.114639598628485828e+00 1.643701618446115953e+00
1.304999999999999938e+00 1.117194681533353773e+00 1.437446287760351993e+01 8.245205851731700619e+00 1.747778234774610473e+00
1.314999999999999947e+00 1.119059159355313193e+00 1.459252071276201157e+01 8.376941512341144147e+00 1.864370530695251826e+00
1.324999999999999956e+00 1.120934838039265857e+00 1.481224466276322893e+01 8.509828975898367176e+00 1.990225060003540714e+00
1.334999999999999964e+00 1.122821637316764765e+00 1.503362853356697748e+01 8.643851333105263990e+00 2.121722449133137900e+00
1.344999999999999973e+00 1.124719476791012696e+00 1.525668947107060269e+01 8.778996240087696634e+00 2.255020510582867121e+00
1.354999999999999982e+00 1.126628275926654377e+00 1.548144547592452547e+01 8.915254534684324383e+00 2.386225325142912634e+00
1.364999999999999991e+00 1.128547954039863965e+00 1.570792781613994116e+01 9.052622483679886756e+00 2.511549131092050136e+00
1.375000000000000000e+00 1.130478430288730518e+00 1.593617448974470285e+01 9.191101169150876160e+00 2.627466810673472430e+00
1.385000000000000009e+00 1.132419623663941444e+00 1.616622919341720888e+01 9.330698021573429202e+00 2.730864357079126670e+00
1.395000000000000018e+00 1.134371452979762385e+00 1.639813691669353446e+01 9.471424476626587818e+00 2.819158057225228386e+00
1.405000000000000027e+00 1.136333836865317526e+00 1.663194163227734634e+01 9.613296569082564247e+00 2.890411480971041058e+00
1.415000000000000036e+00 1.138306693756168331e+00 1.686768349829984004e+01 9.756332749763931389e+00 2.943404717501686640e+00
1.425000000000000044e+00 1.140289941886192482e+00 1.710539667817196019e+01 9.900554065453206931e+00 2.977691395956838960e+00
1.435000000000000053e+00 1.142283499279765024e+00 1.734510726261265745e+01 1.004598162659134175e+01 2.993612905313600248e+00
1.445000000000000062e+00 1.144287283744239936e+00 1.758682588103570055e+01 1.019263589544437032e+01 2.992264130898567132e+00
1.455000000000000071e+00 1.146301212862736563e+00 1.783057178902155471e+01 1.034053623729621663e+01 2.975537641161168256e+00
1.465000000000000080e+00 1.148325203987230259e+00 1.807633729187855920e+01 1.048969763359254515e+01 2.945921565100600770e+00
1.475000000000000089e+00 1.150359174231948334e+00 1.832411289875958005e+01 1.064013291634441316e+01 2.906475911057082140e+00
1.485000000000000098e+00 1.152403040467071982e+00 1.857388138231354446e+01 1.079184982068129273e+01 2.860690212764383400e+00
1.495000000000000107e+00 1.154456719312749513e+00 1.882562067722214749e+01 1.094485215931987554e+01 2.812343820823379748e+00
1.505000000000000115e+00 1.156520127133416675e+00 1.907930712484451519e+01 1.109914049998580232e+01 2.765344219670452741e+00
1.515000000000000124e+00 1.158593180032429393e+00 1.933491542163872978e+01 1.125471041583787724e+01 2.723578414468938114e+00
1.525000000000000133e+00 1.160675793847010029e+00 1.959242275509461706e+01 1.141155554682052120e+01 2.690746167443408332e+00
1.535000000000000142e+00 1.162767884143507846e+00 1.985181061657423385e+01 1.156966720016096772e+01 2.670218971680011766e+00
1.544999999999999929e+00 1.164869366212974766e+00 2.011306578335927853e+01 1.172903571690869384e+01 2.664904103419513337e+00
1.554999999999999938e+00 1.166980155067061542e+00 2.037618226659700582e+01 1.188965170264100912e+01 2.677127571695081532e+00
1.564999999999999947e+00 1.169100165434231231e+00 2.064116093817927222e+01 1.205150605696568711e+01 2.708547124274706785e+00
1.574999999999999956e+00 1.171229311756297298e+00 2.090800061217622741e+01 1.221459206461424074e+01 2.760117779978572106e+00
1.584999999999999964e+00 1.173367508185281460e+00 2.117673585375558432e+01 1.237890581293870618e+01 2.831943494921685733e+00
1.594999999999999973e+00 1.175514668580601496e+00 2.144737899745904741e+01 1.254444449512074122e+01 2.923441277240930170e+00
1.604999999999999982e+00 1.177670706506583453e+00 2.171995809350858053e+01 1.271121167236423588e+01 3.033261371107144111e+00
1.614999999999999991e+00 1.179835535230304933e+00 2.199450206923595985e+01 1.287921141254391522e+01 3.159363443603759425e+00
1.625000000000000000e+00 1.182009067719768769e+00 2.227104265793809645e+01 1.304845294343607343e+01 3.299105157786809350e+00
1.635000000000000009e+00 1.184191216642411337e+00 2.254960976002603346e+01 1.321894615081237490e+01 3.449339452353850088e+00
1.645000000000000018e+00 1.186381894363947032e+00 2.283023218824303058e+01 1.339070478975056844e+01 3.606541123720853115e+00
1.655000000000000027e+00 1.188581012947548476e+00 2.311293415811998386e+01 1.356374252578043738e+01 3.766943281440071178e+00
1.665000000000000036e+00 1.190788484153369131e+00 2.339773592128572943e+01 1.373807505176535493e+01 3.926683347431334514e+00
1.675000000000000044e+00 1.193004219438406732e+00 2.368465105342360744e+01 1.391371871892957124e+01 4.082004462474842832e+00
1.685000000000000053e+00 1.195228129956711127e+00 2.397368717938082128e+01 1.409068288028139904e+01 4.229210747541674031e+00
1.695000000000000062e+00 1.197460126559938276e+00 2.426484671244126190e+01 1.426898183449827862e+01 4.365073469679886742e+00
1.705000000000000071e+00 1.199700119798254416e+00 2.455812561094223412e+01 1.444862498745482959e+01 4.486789308818798006e+00
1.715000000000000080e+00 1.201948019921588173e+00 2.485351592151412703e+01 1.462962012230957498e+01 4.592127502998573974e+00
1.725000000000000089e+00 1.204203736881238829e+00 2.515100571413744746e+01 1.481197139455074918e+01 4.679513627974445811e+00
1.735000000000000098e+00 1.206467180331836975e+00 2.545058140612124831e+01 1.499568073943019719e+01 4.748088740201896307e+00
1.745000000000000107e+00 1.208738259633664436e+00 2.575222952939704513e+01 1.518074883507239292e+01 4.797739794537098312e+00
1.755000000000000115e+00 1.211016883855332349e+00 2.605593614652284629e+01 1.536717248764979971e+01 4.829106372259560409e+00
1.765000000000000124e+00 1.213302961776821398e+00 2.636169002274437290e+01 1.555494770227530310e+01 4.843545091914031708e+00
1.775000000000000133e+00 1.215596401892885980e+00 2.666948389051799140e+01 1.574407013695085844e+01 4.843084691064706959e+00
1.785000000000000142e+00 1.217897112416823635e+00 2.697931410022918897e+01 1.593453475100200833e+01 4.830343012805768943e+00
1.794999999999999929e+00 1.220205001284612623e+00 2.729118190912479136e+01 1.612633692454173229e+01 4.808427673452617235e+00
1.804999999999999938e+00 1.222519976159418986e+00 2.760513413616781264e+01 1.631948601949778777e+01 4.780653514212142241e+00
1.814999999999999947e+00 1.224841944436477315e+00 2.792110979811262794e+01 1.651395577300613837e+01 4.751050528262707573e+00
1.824999999999999956e+00 1.227170813248343206e+00 2.823915711493588176e+01 1.670975739217056599e+01 4.723293125940033477e+00
1.834999999999999964e+00 1.229506489470522324e+00 2.855929339638620590e+01 1.690689118628334597e+01 4.701157587127004156e+00
1.844999999999999973e+00 1.231848879727479362e+00 2.888154042624592321e+01 1.710536166545054471e+01 4.688245526038452127e+00
1.854999999999999982e+00 1.234197890399023168e+00 2.920592051679022916e+01 1.730517477719238073e+01 4.687843620332281525e+00
1.864999999999999991e+00 1.236553427627077095e+00 2.953246335726131022e+01 1.750633899507922564e+01 4.702805820193543873e+00
1.875000000000000000e+00 1.238915397322829737e+00 2.986117583706880652e+01 1.770886098945567966e+01 4.735453153951440619e+00
1.885000000000000009e+00 1.241283705174272667e+00 3.019208333704080260e+01 1.791275177590799217e+01 4.787483147113151816e+00
1.895000000000000018e+00 1.243658256654124994e+00 3.052520218921279138e+01 1.811802268278407269e+01 4.859916597446041209e+00
1.905000000000000027e+00 1.246038957028144711e+00 3.086054438752775297e+01 1.832468383167910275e+01 4.953060088261632465e+00
1.915000000000000036e+00 1.248425711363831514e+00 3.119811859343978711e+01 1.853274609485547231e+01 5.066494834301130012e+00
1.925000000000000044e+00 1.250818424539521745e+00 3.153792889233414343e+01 1.874221860310651522e+01 5.199094416466927271e+00
1.935000000000000053e+00 1.253217001253874363e+00 3.187997613098101368e+01 1.895310982679173151e+01 5.349072188738012379e+00
1.945000000000000062e+00 1.255621346035752151e+00 3.222425740381969916e+01 1.916542636148854228e+01 5.514046202766519578e+00
1.955000000000000071e+00 1.258031363254499713e+00 3.257076721857323776e+01 1.937917297048717558e+01 5.691120224263615412e+00
1.965000000000000080e+00 1.260446957130616275e+00 3.291951573868695391e+01 1.959435571495596662e+01 5.876936729691358607e+00
1.975000000000000089e+00 1.262868031746829489e+00 3.327046420413893912e+01 1.981097126157359511e+01 6.068044576266007795e+00
1.985000000000000098e+00 1.265294491059563597e+00 3.362361885507676362e+01 2.002902194598955532e+01 6.260672713669395151e+00
1.995000000000000107e+00 1.267726238910813485e+00 3.397897330821867712e+01 2.024850688049890124e+01 6.451087432537486066e+00
2.004999999999999893e+00 1.270163179040415979e+00 3.433652171747047532e+01 2.046942325444223698e+01 6.635678089958859438e+00
2.015000000000000124e+00 1.272605215098723486e+00 3.469627088537060899e+01 2.069177113656135703e+01 6.811125879257041049e+00
2.024999999999999911e+00 1.275052250659680864e+00 3.505820681815529127e+01 2.091554513203485399e+01 6.974366694680661283e+00
2.035000000000000142e+00 1.277504189234306420e+00 3.542233959529122700e+01 2.114074419165655883e+01 7.122924797649059059e+00
2.044999999999999929e+00 1.279960934284574359e+00 3.578867730118703605e+01 2.136736792945374219e+01 7.254848635513490684e+00
2.055000000000000160e+00 1.282422389237703575e+00 3.615722983735087581e+01 2.159541604252822822e+01 7.368821532694706633e+00
2.064999999999999947e+00 1.284888457500850345e+00 3.652800915576197838e+01 2.182488849950163967e+01 7.464209476471386218e+00
2.075000000000000178e+00 1.287359042476205584e+00 3.690103048102152883e+01 2.205578856378999220e+01 7.541062665931109521e+00
2.084999999999999964e+00 1.289834047576496001e+00 3.727630956928307882e+01 2.228811994744167535e+01 7.600135301559411971e+00
2.095000000000000195e+00 1.292313376240894485e+00 3.765386757062804435e+01 2.252188703389188618e+01 7.642813152937089960e+00
2.104999999999999982e+00 1.294796931951329721e+00 3.803371177553699312e+01 2.275709768870640914e+01 7.671161339585382599e+00
2.115000000000000213e+00 1.297284618249205046e+00 3.841586086991430449e+01 2.299375804990720695e+01 7.687724999635249468e+00
2.125000000000000000e+00 1.299776338752518745e+00 3.880032830850980474e+01 2.323187596478364370e+01 7.695509232875600958e+00
2.135000000000000231e+00 1.302271997173391371e+00 3.918712373695559847e+01 2.347145835183712848e+01 7.697866624057662754e+00
2.145000000000000018e+00 1.304771497335994956e+00 3.957625762153161020e+01 2.371251550979927103e+01 7.698362289198080965e+00
2.155000000000000249e+00 1.307274743194883682e+00 3.996773419378011027e+01 2.395505318350466339e+01 7.700666882432551041e+00
2.165000000000000036e+00 1.309781638853730668e+00 4.036155596591721917e+01 2.419907824833339660e+01 7.708412899995242817e+00
2.175000000000000266e+00 1.312292088584462002e+00 4.075772918037565518e+01 2.444459579546347783e+01 7.725057130301363983e+00
2.185000000000000053e+00 1.314805996846795111e+00 4.115624239992459366e+01 2.469161275554311885e+01 7.753824196157603765e+00
2.194999999999999840e+00 1.317323268308171258e+00 4.155709639282763845e+01 2.494013115877909570e+01 7.797511375034414272e+00
2.205000000000000071e+00 1.319843807864092611e+00 4.196028713300572122e+01 2.519015385770129711e+01 7.858438779015909148e+00
2.214999999999999858e+00 1.322367520658849438e+00 4.236581011320666335e+01 2.544168230837479427e+01 7.938366811853142302e+00
2.225000000000000089e+00 1.324894312106648098e+00 4.277366057107064279e+01 2.569471604256991526e+01 8.038429636545108892e+00
2.234999999999999876e+00 1.327424087913126938e+00 4.318383521700371119e+01 2.594925494389978127e+01 8.159104022905937725e+00
2.245000000000000107e+00 1.329956754097271210e+00 4.359633293445923385e+01 2.620529889312477678e+01 8.300195384217868622e+00
2.254999999999999893e+00 1.332492217013710345e+00 4.401115249666553098e+01 2.646284540619053161e+01 8.460845212757863720e+00
2.265000000000000124e+00 1.335030383375409135e+00 4.442829693114423151e+01 2.672189194309829574e+01 8.639643752237599728e+00
2.274999999999999911e+00 1.337571160276742388e+00 4.484777062982652041e+01 2.698244198216952938e+01 8.834392637686322658e+00
2.285000000000000142e+00 1.340114455216953049e+00 4.526957903967745267e+01 2.724449263745134431e+01 9.042586330534829742e+00
2.294999999999999929e+00 1.342660176123993576e+00 4.569373206733212811e+01 2.750804574222551224e+01 9.261245269863890073e+00
2.305000000000000160e+00 1.345208231378743458e+00 4.612023935205909453e+01 2.777310230981617067e+01 9.487084337069234152e+00
2.314999999999999947e+00 1.347758529839606201e+00 4.654911167209469625e+01 2.803966440640612490e+01 9.716621388450407792e+00
2.325000000000000178e+00 1.350310980867478472e+00 4.698036136742764768e+01 2.830773557938258733e+01 9.946297011346407757e+00
2.334999999999999964e+00 1.352865494351088493e+00 4.741400054134223296e+01 2.857732032753926177e+01 1.017260365582577997e+01
2.345000000000000195e+00 1.355421980732705700e+00 4.785004042192604601e+01 2.884842317894014485e+01 1.039219425144885633e+01
2.354999999999999982e+00 1.357980351034212774e+00 4.828849217850564912e+01 2.912104992500194101e+01 1.060200162195991069e+01
2.365000000000000213e+00 1.360540516883539608e+00 4.872936485731943179e+01 2.939520631764433034e+01 1.079934061933393430e+01
2.375000000000000000e+00 1.363102390541456321e+00 4.917266639365847425e+01 2.967089832113619963e+01 1.098199548351183097e+01
2.385000000000000231e+00 1.365665884928720875e+00 4.961840314088496484e+01 2.994813259743967393e+01 1.114829404789036360e+01
2.395000000000000018e+00 1.368230913653576408e+00 5.006651800574844913e+01 3.022689332567101417e+01 1.129708185882610394e+01
2.405000000000000249e+00 1.370797391039600077e+00 5.051712182108618521e+01 3.050722209216623071e+01 1.142807941769542524e+01
2.415000000000000036e+00 1.373365232153893167e+00 5.097016529384197270e+01 3.078910688627223990e+01 1.154141406240711554e+01
2.425000000000000266e+00 1.375934352835608943e+00 5.142564667799057787e+01 3.107255057210231541e+01 1.163792584053043910e+01
2.435000000000000053e+00 1.378504669724822440e+00 5.188355599362382975e+01 3.135755390046312385e+01 1.171905777563791595e+01
2.444999999999999840e+00 1.381076100291728892e+00 5.234390473956734979e+01 3.164412182822270481e+01 1.178681855370158083e+01
2.455000000000000071e+00 1.383648562866170106e+00 5.280668412322106064e+01 3.193225423893484560e+01 1.184368839371777682e+01
2.464999999999999858e+00 1.386221976667483702e+00 5.327189113095364803e+01 3.222195127043465135e+01 1.189255060376129158e+01
2.475000000000000089e+00 1.388796261834676082e+00 5.373952464069027002e+01 3.251321297349383599e+01 1.193659699034039967e+01
2.484999999999999876e+00 1.391371339456903167e+00 5.420958350431214967e+01 3.280603825872478296e+01 1.197919507119499904e+01
2.495000000000000107e+00 1.393947131604270639e+00 5.468206921521193919e+01 3.310042740043676446e+01 1.202381906370804998e+01
2.504999999999999893e+00 1.396523561358930632e+00 5.515698370570964215e+01 3.339637907459144373e+01 1.207388263014740382e+01
2.515000000000000124e+00 1.399100552846486600e+00 5.563433139148325068e+01 3.369389367806187607e+01 1.213266722776582363e+01
2.524999999999999911e+00 1.401678031267691527e+00 5.611409909160523313e+01 3.399296948457086387e+01 1.220308459305283399e+01
2.535000000000000142e+00 1.404255922930439437e+00 5.659632795819821638e+01 3.429361154791588007e+01 1.228799053731274959e+01
2.544999999999999929e+00 1.406834155282040921e+00 5.708100952093500524e+01 3.459581879675373273e+01 1.238951252571364492e+01
2.555000000000000160e+00 1.409412656941783526e+00 5.756815293081083951e+01 3.489959392098321445e+01 1.250937707524465381e+01
2.564999999999999947e+00 1.411991357733769048e+00 5.805776697823940680e+01 3.520493963836176476e+01 1.264870840431098387e+01
2.575000000000000178e+00 1.414570188720020605e+00 5.854986073248262102e+01 3.551185931377458616e+01 1.280805881463611762e+01
2.584999999999999964e+00 1.417149082233858159e+00 5.904444290932584494e+01 3.582035720525932732e+01 1.298734608774657140e+01
2.595000000000000195e+00 1.419727971913536280e+00 5.954150143797519235e+01 3.613043477584929519e+01 1.318603520226646175e+01
2.604999999999999982e+00 1.422306792736138581e+00 6.004107786689824167e+01 3.644210061094669584e+01 1.340259015489469263e+01
2.615000000000000213e+00 1.424885481051721747e+00 6.054316220339725163e+01 3.675535797449769859e+01 1.363531336756446599e+01
2.625000000000000000e+00 1.427463974617710019e+00 6.104775761358115460e+01 3.707021022125857002e+01 1.388192044798396729e+01
2.635000000000000231e+00 1.430042212633526821e+00 6.155486798413068783e+01 3.738666270520209167e+01 1.413971320673943488e+01
2.645000000000000018e+00 1.432620135775467096e+00 6.206448938135835647e+01 3.770471931273803534e+01 1.440564687523609599e+01
2.655000000000000249e+00 1.435197686231796554e+00 6.257662986586488074e+01 3.802438064995870093e+01 1.467660018736683369e+01
2.665000000000000036e+00 1.437774807738079197e+00 6.309128625243568678e+01 3.834565208031278871e+01 1.494919493819259415e+01
2.675000000000000266e+00 1.440351445612727099e+00 6.360845593017605637e+01 3.866853371365709080e+01 1.522013873781920701e+01
2.685000000000000053e+00 1.442927546792763360e+00 6.412813942233725584e+01 3.899302756204939868e+01 1.548623286057851800e+01
2.694999999999999840e+00 1.445503059869796658e+00 6.465033372818470525e+01 3.931913689496515474e+01 1.574448709566031113e+01
2.705000000000000071e+00 1.448077935126202975e+00 6.517503379916823292e+01 3.964685954737750251e+01 1.599222124229862807e+01
2.714999999999999858e+00 1.450652124571508272e+00 6.570223922104324288e+01 3.997618765206016178e+01 1.622717174468032653e+01
2.725000000000000089e+00 1.453225581978965009e+00 6.623196816699238809e+01 4.030714387998096981e+01 1.644762848034731562e+01
2.734999999999999876e+00 1.455798262922322506e+00 6.676420645084857597e+01 4.063971035475276494e+01 1.665221167714032546e+01
2.745000000000000107e+00 1.458370124812782276e+00 6.729895470779176492e+01 4.097388586208931827e+01 1.684025847020262390e+01
